1000 1
-1500 800
-1499 800
-1498 800
-1497 800
-1496 800
-1495 800
-1494 800
-1493 800
-1492 800
-1491 800
-1490 800
-1489 800
-1488 800
-1487 800
-1486 800
-1485 800
-1484 800
-1483 800
-1482 800
-1481 800
-1480 800
-1479 800
-1478 800
-1477 800
-1476 800
-1475 800
-1474 800
-1473 800
-1472 800
-1471 800
-1470 800
-1469 800
-1468 800
-1467 800
-1466 800
-1465 800
-1464 800
-1463 800
-1462 800
-1461 800
-1460 800
-1459 800
-1458 800
-1457 800
-1456 800
-1455 800
-1454 800
-1453 800
-1452 800
-1451 800
-1450 800
-1449 800
-1448 800
-1447 800
-1446 800
-1445 800
-1444 800
-1443 800
-1442 800
-1441 800
-1440 800
-1439 800
-1438 800
-1437 800
-1436 800
-1435 800
-1434 800
-1433 800
-1432 800
-1431 800
-1430 800
-1429 800
-1428 800
-1427 800
-1426 800
-1425 800
-1424 800
-1423 800
-1422 800
-1421 800
-1420 800
-1419 800
-1418 800
-1417 800
-1416 800
-1415 800
-1414 800
-1413 800
-1412 800
-1411 800
-1410 800
-1409 800
-1408 800
-1407 800
-1406 800
-1405 800
-1404 800
-1403 800
-1402 800
-1401 800
-1400 800
-1399 800
-1398 800
-1397 800
-1396 800
-1395 800
-1394 800
-1393 800
-1392 800
-1391 800
-1390 800
-1389 800
-1388 800
-1387 800
-1386 800
-1385 800
-1384 800
-1383 800
-1382 800
-1381 800
-1380 800
-1379 800
-1378 800
-1377 800
-1376 800
-1375 800
-1374 800
-1373 800
-1372 800
-1371 800
-1370 800
-1369 800
-1368 800
-1367 800
-1366 800
-1365 800
-1364 800
-1363 800
-1362 800
-1361 800
-1360 800
-1359 800
-1358 800
-1357 800
-1356 800
-1355 800
-1354 800
-1353 800
-1352 800
-1351 800
-1350 800
-1349 800
-1348 800
-1347 800
-1346 800
-1345 800
-1344 800
-1343 800
-1342 800
-1341 800
-1340 800
-1339 800
-1338 800
-1337 800
-1336 800
-1335 800
-1334 800
-1333 800
-1332 800
-1331 800
-1330 800
-1329 800
-1328 800
-1327 800
-1326 800
-1325 800
-1324 800
-1323 800
-1322 800
-1321 800
-1320 800
-1319 800
-1318 800
-1317 800
-1316 800
-1315 800
-1314 800
-1313 800
-1312 800
-1311 800
-1310 800
-1309 800
-1308 800
-1307 800
-1306 800
-1305 800
-1304 800
-1303 800
-1302 800
-1301 800
-1300 800
-1299 800
-1298 800
-1297 800
-1296 800
-1295 800
-1294 800
-1293 800
-1292 800
-1291 800
-1290 800
-1289 800
-1288 800
-1287 800
-1286 800
-1285 800
-1284 800
-1283 800
-1282 800
-1281 800
-1280 800
-1279 800
-1278 800
-1277 800
-1276 800
-1275 800
-1274 800
-1273 800
-1272 800
-1271 800
-1270 800
-1269 800
-1268 800
-1267 800
-1266 800
-1265 800
-1264 800
-1263 800
-1262 800
-1261 800
-1260 800
-1259 800
-1258 800
-1257 800
-1256 800
-1255 800
-1254 800
-1253 800
-1252 800
-1251 800
-1250 800
-1249 800
-1248 800
-1247 800
-1246 800
-1245 800
-1244 800
-1243 800
-1242 800
-1241 800
-1240 800
-1239 800
-1238 800
-1237 800
-1236 800
-1235 800
-1234 800
-1233 800
-1232 800
-1231 800
-1230 800
-1229 800
-1228 800
-1227 800
-1226 800
-1225 800
-1224 800
-1223 800
-1222 800
-1221 800
-1220 800
-1219 800
-1218 800
-1217 800
-1216 800
-1215 800
-1214 800
-1213 800
-1212 800
-1211 800
-1210 800
-1209 800
-1208 800
-1207 800
-1206 800
-1205 800
-1204 800
-1203 800
-1202 800
-1201 800
-1200 800
-1199 800
-1198 800
-1197 800
-1196 800
-1195 800
-1194 800
-1193 800
-1192 800
-1191 800
-1190 800
-1189 800
-1188 800
-1187 800
-1186 800
-1185 800
-1184 800
-1183 800
-1182 800
-1181 800
-1180 800
-1179 800
-1178 800
-1177 800
-1176 800
-1175 800
-1174 800
-1173 800
-1172 800
-1171 800
-1170 800
-1169 800
-1168 800
-1167 800
-1166 800
-1165 800
-1164 800
-1163 800
-1162 800
-1161 800
-1160 800
-1159 800
-1158 800
-1157 800
-1156 800
-1155 800
-1154 800
-1153 800
-1152 800
-1151 800
-1150 800
-1149 800
-1148 800
-1147 800
-1146 800
-1145 800
-1144 800
-1143 800
-1142 800
-1141 800
-1140 800
-1139 800
-1138 800
-1137 800
-1136 800
-1135 800
-1134 800
-1133 800
-1132 800
-1131 800
-1130 800
-1129 800
-1128 800
-1127 800
-1126 800
-1125 800
-1124 800
-1123 800
-1122 800
-1121 800
-1120 800
-1119 800
-1118 800
-1117 800
-1116 800
-1115 800
-1114 800
-1113 800
-1112 800
-1111 800
-1110 800
-1109 800
-1108 800
-1107 800
-1106 800
-1105 800
-1104 800
-1103 800
-1102 800
-1101 800
-1100 800
-1099 800
-1098 800
-1097 800
-1096 800
-1095 800
-1094 800
-1093 800
-1092 800
-1091 800
-1090 800
-1089 800
-1088 800
-1087 800
-1086 800
-1085 800
-1084 800
-1083 800
-1082 800
-1081 800
-1080 800
-1079 800
-1078 800
-1077 800
-1076 800
-1075 800
-1074 800
-1073 800
-1072 800
-1071 800
-1070 800
-1069 800
-1068 800
-1067 800
-1066 800
-1065 800
-1064 800
-1063 800
-1062 800
-1061 800
-1060 800
-1059 800
-1058 800
-1057 800
-1056 800
-1055 800
-1054 800
-1053 800
-1052 800
-1051 800
-1050 800
-1049 800
-1048 800
-1047 800
-1046 800
-1045 800
-1044 800
-1043 800
-1042 800
-1041 800
-1040 800
-1039 800
-1038 800
-1037 800
-1036 800
-1035 800
-1034 800
-1033 800
-1032 800
-1031 800
-1030 800
-1029 800
-1028 800
-1027 800
-1026 800
-1025 800
-1024 800
-1023 800
-1022 800
-1021 800
-1020 800
-1019 800
-1018 800
-1017 800
-1016 800
-1015 800
-1014 800
-1013 800
-1012 800
-1011 800
-1010 800
-1009 800
-1008 800
-1007 800
-1006 800
-1005 800
-1004 800
-1003 800
-1002 800
-1001 800
1001 800
1002 800
1003 800
1004 800
1005 800
1006 800
1007 800
1008 800
1009 800
1010 800
1011 800
1012 800
1013 800
1014 800
1015 800
1016 800
1017 800
1018 800
1019 800
1020 800
1021 800
1022 800
1023 800
1024 800
1025 800
1026 800
1027 800
1028 800
1029 800
1030 800
1031 800
1032 800
1033 800
1034 800
1035 800
1036 800
1037 800
1038 800
1039 800
1040 800
1041 800
1042 800
1043 800
1044 800
1045 800
1046 800
1047 800
1048 800
1049 800
1050 800
1051 800
1052 800
1053 800
1054 800
1055 800
1056 800
1057 800
1058 800
1059 800
1060 800
1061 800
1062 800
1063 800
1064 800
1065 800
1066 800
1067 800
1068 800
1069 800
1070 800
1071 800
1072 800
1073 800
1074 800
1075 800
1076 800
1077 800
1078 800
1079 800
1080 800
1081 800
1082 800
1083 800
1084 800
1085 800
1086 800
1087 800
1088 800
1089 800
1090 800
1091 800
1092 800
1093 800
1094 800
1095 800
1096 800
1097 800
1098 800
1099 800
1100 800
1101 800
1102 800
1103 800
1104 800
1105 800
1106 800
1107 800
1108 800
1109 800
1110 800
1111 800
1112 800
1113 800
1114 800
1115 800
1116 800
1117 800
1118 800
1119 800
1120 800
1121 800
1122 800
1123 800
1124 800
1125 800
1126 800
1127 800
1128 800
1129 800
1130 800
1131 800
1132 800
1133 800
1134 800
1135 800
1136 800
1137 800
1138 800
1139 800
1140 800
1141 800
1142 800
1143 800
1144 800
1145 800
1146 800
1147 800
1148 800
1149 800
1150 800
1151 800
1152 800
1153 800
1154 800
1155 800
1156 800
1157 800
1158 800
1159 800
1160 800
1161 800
1162 800
1163 800
1164 800
1165 800
1166 800
1167 800
1168 800
1169 800
1170 800
1171 800
1172 800
1173 800
1174 800
1175 800
1176 800
1177 800
1178 800
1179 800
1180 800
1181 800
1182 800
1183 800
1184 800
1185 800
1186 800
1187 800
1188 800
1189 800
1190 800
1191 800
1192 800
1193 800
1194 800
1195 800
1196 800
1197 800
1198 800
1199 800
1200 800
1201 800
1202 800
1203 800
1204 800
1205 800
1206 800
1207 800
1208 800
1209 800
1210 800
1211 800
1212 800
1213 800
1214 800
1215 800
1216 800
1217 800
1218 800
1219 800
1220 800
1221 800
1222 800
1223 800
1224 800
1225 800
1226 800
1227 800
1228 800
1229 800
1230 800
1231 800
1232 800
1233 800
1234 800
1235 800
1236 800
1237 800
1238 800
1239 800
1240 800
1241 800
1242 800
1243 800
1244 800
1245 800
1246 800
1247 800
1248 800
1249 800
1250 800
1251 800
1252 800
1253 800
1254 800
1255 800
1256 800
1257 800
1258 800
1259 800
1260 800
1261 800
1262 800
1263 800
1264 800
1265 800
1266 800
1267 800
1268 800
1269 800
1270 800
1271 800
1272 800
1273 800
1274 800
1275 800
1276 800
1277 800
1278 800
1279 800
1280 800
1281 800
1282 800
1283 800
1284 800
1285 800
1286 800
1287 800
1288 800
1289 800
1290 800
1291 800
1292 800
1293 800
1294 800
1295 800
1296 800
1297 800
1298 800
1299 800
1300 800
1301 800
1302 800
1303 800
1304 800
1305 800
1306 800
1307 800
1308 800
1309 800
1310 800
1311 800
1312 800
1313 800
1314 800
1315 800
1316 800
1317 800
1318 800
1319 800
1320 800
1321 800
1322 800
1323 800
1324 800
1325 800
1326 800
1327 800
1328 800
1329 800
1330 800
1331 800
1332 800
1333 800
1334 800
1335 800
1336 800
1337 800
1338 800
1339 800
1340 800
1341 800
1342 800
1343 800
1344 800
1345 800
1346 800
1347 800
1348 800
1349 800
1350 800
1351 800
1352 800
1353 800
1354 800
1355 800
1356 800
1357 800
1358 800
1359 800
1360 800
1361 800
1362 800
1363 800
1364 800
1365 800
1366 800
1367 800
1368 800
1369 800
1370 800
1371 800
1372 800
1373 800
1374 800
1375 800
1376 800
1377 800
1378 800
1379 800
1380 800
1381 800
1382 800
1383 800
1384 800
1385 800
1386 800
1387 800
1388 800
1389 800
1390 800
1391 800
1392 800
1393 800
1394 800
1395 800
1396 800
1397 800
1398 800
1399 800
1400 800
1401 800
1402 800
1403 800
1404 800
1405 800
1406 800
1407 800
1408 800
1409 800
1410 800
1411 800
1412 800
1413 800
1414 800
1415 800
1416 800
1417 800
1418 800
1419 800
1420 800
1421 800
1422 800
1423 800
1424 800
1425 800
1426 800
1427 800
1428 800
1429 800
1430 800
1431 800
1432 800
1433 800
1434 800
1435 800
1436 800
1437 800
1438 800
1439 800
1440 800
1441 800
1442 800
1443 800
1444 800
1445 800
1446 800
1447 800
1448 800
1449 800
1450 800
1451 800
1452 800
1453 800
1454 800
1455 800
1456 800
1457 800
1458 800
1459 800
1460 800
1461 800
1462 800
1463 800
1464 800
1465 800
1466 800
1467 800
1468 800
1469 800
1470 800
1471 800
1472 800
1473 800
1474 800
1475 800
1476 800
1477 800
1478 800
1479 800
1480 800
1481 800
1482 800
1483 800
1484 800
1485 800
1486 800
1487 800
1488 800
1489 800
1490 800
1491 800
1492 800
1493 800
1494 800
1495 800
1496 800
1497 800
1498 800
1499 800
1500 800
