1000 1
-1500 800
-1499 800
-1498 800
-1497 800
-1496 800
-1495 800
-1494 800
-1493 800
-1492 800
-1491 800
-1490 800
-1489 800
-1488 800
-1487 800
-1486 800
-1485 800
-1484 800
-1483 800
-1482 800
-1481 800
-1480 800
-1479 800
-1478 800
-1477 800
-1476 800
-1475 800
-1474 800
-1473 800
-1472 800
-1471 800
-1470 800
-1469 800
-1468 800
-1467 800
-1466 800
-1465 800
-1464 800
-1463 800
-1462 800
-1461 800
-1460 800
-1459 800
-1458 800
-1457 800
-1456 800
-1455 800
-1454 800
-1453 800
-1452 800
-1451 800
-1450 800
-1449 800
-1448 800
-1447 800
-1446 800
-1445 800
-1444 800
-1443 800
-1442 800
-1441 800
-1440 800
-1439 800
-1438 800
-1437 800
-1436 800
-1435 800
-1434 800
-1433 800
-1432 800
-1431 800
-1430 800
-1429 800
-1428 800
-1427 800
-1426 800
-1425 800
-1424 800
-1423 800
-1422 800
-1421 800
-1420 800
-1419 800
-1418 800
-1417 800
-1416 800
-1415 800
-1414 800
-1413 800
-1412 800
-1411 800
-1410 800
-1409 800
-1408 800
-1407 800
-1406 800
-1405 800
-1404 800
-1403 800
-1402 800
-1401 800
-1400 800
-1399 800
-1398 800
-1397 800
-1396 800
-1395 800
-1394 800
-1393 800
-1392 800
-1391 800
-1390 800
-1389 800
-1388 800
-1387 800
-1386 800
-1385 800
-1384 800
-1383 800
-1382 800
-1381 800
-1380 800
-1379 800
-1378 800
-1377 800
-1376 800
-1375 800
-1374 800
-1373 800
-1372 800
-1371 800
-1370 800
-1369 800
-1368 800
-1367 800
-1366 800
-1365 800
-1364 800
-1363 800
-1362 800
-1361 800
-1360 800
-1359 800
-1358 800
-1357 800
-1356 800
-1355 800
-1354 800
-1353 800
-1352 800
-1351 800
-1350 800
-1349 800
-1348 800
-1347 800
-1346 800
-1345 800
-1344 800
-1343 800
-1342 800
-1341 800
-1340 800
-1339 800
-1338 800
-1337 800
-1336 800
-1335 800
-1334 800
-1333 800
-1332 800
-1331 800
-1330 800
-1329 800
-1328 800
-1327 800
-1326 800
-1325 800
-1324 800
-1323 800
-1322 800
-1321 800
-1320 800
-1319 800
-1318 800
-1317 800
-1316 800
-1315 800
-1314 800
-1313 800
-1312 800
-1311 800
-1310 800
-1309 800
-1308 800
-1307 800
-1306 800
-1305 800
-1304 800
-1303 800
-1302 800
-1301 800
-1300 800
-1299 800
-1298 800
-1297 800
-1296 800
-1295 800
-1294 800
-1293 800
-1292 800
-1291 800
-1290 800
-1289 800
-1288 800
-1287 800
-1286 800
-1285 800
-1284 800
-1283 800
-1282 800
-1281 800
-1280 800
-1279 800
-1278 800
-1277 800
-1276 800
-1275 800
-1274 800
-1273 800
-1272 800
-1271 800
-1270 800
-1269 800
-1268 800
-1267 800
-1266 800
-1265 800
-1264 800
-1263 800
-1262 800
-1261 800
-1260 800
-1259 800
-1258 800
-1257 800
-1256 800
-1255 800
-1254 800
-1253 800
-1252 800
-1251 800
-1250 800
-1249 800
-1248 800
-1247 800
-1246 800
-1245 800
-1244 800
-1243 800
-1242 800
-1241 800
-1240 800
-1239 800
-1238 800
-1237 800
-1236 800
-1235 800
-1234 800
-1233 800
-1232 800
-1231 800
-1230 800
-1229 800
-1228 800
-1227 800
-1226 800
-1225 800
-1224 800
-1223 800
-1222 800
-1221 800
-1220 800
-1219 800
-1218 800
-1217 800
-1216 800
-1215 800
-1214 800
-1213 800
-1212 800
-1211 800
-1210 800
-1209 800
-1208 800
-1207 800
-1206 800
-1205 800
-1204 800
-1203 800
-1202 800
-1201 800
-1200 800
-1199 800
-1198 800
-1197 800
-1196 800
-1195 800
-1194 800
-1193 800
-1192 800
-1191 800
-1190 800
-1189 800
-1188 800
-1187 800
-1186 800
-1185 800
-1184 800
-1183 800
-1182 800
-1181 800
-1180 800
-1179 800
-1178 800
-1177 800
-1176 800
-1175 800
-1174 800
-1173 800
-1172 800
-1171 800
-1170 800
-1169 800
-1168 800
-1167 800
-1166 800
-1165 800
-1164 800
-1163 800
-1162 800
-1161 800
-1160 800
-1159 800
-1158 800
-1157 800
-1156 800
-1155 800
-1154 800
-1153 800
-1152 800
-1151 800
-1150 800
-1149 800
-1148 800
-1147 800
-1146 800
-1145 800
-1144 800
-1143 800
-1142 800
-1141 800
-1140 800
-1139 800
-1138 800
-1137 800
-1136 800
-1135 800
-1134 800
-1133 800
-1132 800
-1131 800
-1130 800
-1129 800
-1128 800
-1127 800
-1126 800
-1125 800
-1124 800
-1123 800
-1122 800
-1121 800
-1120 800
-1119 800
-1118 800
-1117 800
-1116 800
-1115 800
-1114 800
-1113 800
-1112 800
-1111 800
-1110 800
-1109 800
-1108 800
-1107 800
-1106 800
-1105 800
-1104 800
-1103 800
-1102 800
-1101 800
-1100 800
-1099 800
-1098 800
-1097 800
-1096 800
-1095 800
-1094 800
-1093 800
-1092 800
-1091 800
-1090 800
-1089 800
-1088 800
-1087 800
-1086 800
-1085 800
-1084 800
-1083 800
-1082 800
-1081 800
-1080 800
-1079 800
-1078 800
-1077 800
-1076 800
-1075 800
-1074 800
-1073 800
-1072 800
-1071 800
-1070 800
-1069 800
-1068 800
-1067 800
-1066 800
-1065 800
-1064 800
-1063 800
-1062 800
-1061 800
-1060 800
-1059 800
-1058 800
-1057 800
-1056 800
-1055 800
-1054 800
-1053 800
-1052 800
-1051 800
-1050 800
-1049 800
-1048 800
-1047 800
-1046 800
-1045 800
-1044 800
-1043 800
-1042 800
-1041 800
-1040 800
-1039 800
-1038 800
-1037 800
-1036 800
-1035 800
-1034 800
-1033 800
-1032 800
-1031 800
-1030 800
-1029 800
-1028 800
-1027 800
-1026 800
-1025 800
-1024 800
-1023 800
-1022 800
-1021 800
-1020 800
-1019 800
-1018 800
-1017 800
-1016 800
-1015 800
-1014 800
-1013 800
-1012 800
-1011 800
-1010 800
-1009 800
-1008 800
-1007 800
-1006 800
-1005 800
-1004 800
-1003 800
-1002 800
-1001 800
-1000 800
-999 800
-998 800
-997 800
-996 800
-995 800
-994 800
-993 800
-992 800
-991 800
-990 800
-989 800
-988 800
-987 800
-986 800
-985 800
-984 800
-983 800
-982 800
-981 800
-980 800
-979 800
-978 800
-977 800
-976 800
-975 800
-974 800
-973 800
-972 800
-971 800
-970 800
-969 800
-968 800
-967 800
-966 800
-965 800
-964 800
-963 800
-962 800
-961 800
-960 800
-959 800
-958 800
-957 800
-956 800
-955 800
-954 800
-953 800
-952 800
-951 800
-950 800
-949 800
-948 800
-947 800
-946 800
-945 800
-944 800
-943 800
-942 800
-941 800
-940 800
-939 800
-938 800
-937 800
-936 800
-935 800
-934 800
-933 800
-932 800
-931 800
-930 800
-929 800
-928 800
-927 800
-926 800
-925 800
-924 800
-923 800
-922 800
-921 800
-920 800
-919 800
-918 800
-917 800
-916 800
-915 800
-914 800
-913 800
-912 800
-911 800
-910 800
-909 800
-908 800
-907 800
-906 800
-905 800
-904 800
-903 800
-902 800
-901 800
-900 800
-899 800
-898 800
-897 800
-896 800
-895 800
-894 800
-893 800
-892 800
-891 800
-890 800
-889 800
-888 800
-887 800
-886 800
-885 800
-884 800
-883 800
-882 800
-881 800
-880 800
-879 800
-878 800
-877 800
-876 800
-875 800
-874 800
-873 800
-872 800
-871 800
-870 800
-869 800
-868 800
-867 800
-866 800
-865 800
-864 800
-863 800
-862 800
-861 800
-860 800
-859 800
-858 800
-857 800
-856 800
-855 800
-854 800
-853 800
-852 800
-851 800
-850 800
-849 800
-848 800
-847 800
-846 800
-845 800
-844 800
-843 800
-842 800
-841 800
-840 800
-839 800
-838 800
-837 800
-836 800
-835 800
-834 800
-833 800
-832 800
-831 800
-830 800
-829 800
-828 800
-827 800
-826 800
-825 800
-824 800
-823 800
-822 800
-821 800
-820 800
-819 800
-818 800
-817 800
-816 800
-815 800
-814 800
-813 800
-812 800
-811 800
-810 800
-809 800
-808 800
-807 800
-806 800
-805 800
-804 800
-803 800
-802 800
-801 800
-800 800
-799 800
-798 800
-797 800
-796 800
-795 800
-794 800
-793 800
-792 800
-791 800
-790 800
-789 800
-788 800
-787 800
-786 800
-785 800
-784 800
-783 800
-782 800
-781 800
-780 800
-779 800
-778 800
-777 800
-776 800
-775 800
-774 800
-773 800
-772 800
-771 800
-770 800
-769 800
-768 800
-767 800
-766 800
-765 800
-764 800
-763 800
-762 800
-761 800
-760 800
-759 800
-758 800
-757 800
-756 800
-755 800
-754 800
-753 800
-752 800
-751 800
-750 800
-749 800
-748 800
-747 800
-746 800
-745 800
-744 800
-743 800
-742 800
-741 800
-740 800
-739 800
-738 800
-737 800
-736 800
-735 800
-734 800
-733 800
-732 800
-731 800
-730 800
-729 800
-728 800
-727 800
-726 800
-725 800
-724 800
-723 800
-722 800
-721 800
-720 800
-719 800
-718 800
-717 800
-716 800
-715 800
-714 800
-713 800
-712 800
-711 800
-710 800
-709 800
-708 800
-707 800
-706 800
-705 800
-704 800
-703 800
-702 800
-701 800
-700 800
-699 800
-698 800
-697 800
-696 800
-695 800
-694 800
-693 800
-692 800
-691 800
-690 800
-689 800
-688 800
-687 800
-686 800
-685 800
-684 800
-683 800
-682 800
-681 800
-680 800
-679 800
-678 800
-677 800
-676 800
-675 800
-674 800
-673 800
-672 800
-671 800
-670 800
-669 800
-668 800
-667 800
-666 800
-665 800
-664 800
-663 800
-662 800
-661 800
-660 800
-659 800
-658 800
-657 800
-656 800
-655 800
-654 800
-653 800
-652 800
-651 800
-650 800
-649 800
-648 800
-647 800
-646 800
-645 800
-644 800
-643 800
-642 800
-641 800
-640 800
-639 800
-638 800
-637 800
-636 800
-635 800
-634 800
-633 800
-632 800
-631 800
-630 800
-629 800
-628 800
-627 800
-626 800
-625 800
-624 800
-623 800
-622 800
-621 800
-620 800
-619 800
-618 800
-617 800
-616 800
-615 800
-614 800
-613 800
-612 800
-611 800
-610 800
-609 800
-608 800
-607 800
-606 800
-605 800
-604 800
-603 800
-602 800
-601 800
-600 800
-599 800
-598 800
-597 800
-596 800
-595 800
-594 800
-593 800
-592 800
-591 800
-590 800
-589 800
-588 800
-587 800
-586 800
-585 800
-584 800
-583 800
-582 800
-581 800
-580 800
-579 800
-578 800
-577 800
-576 800
-575 800
-574 800
-573 800
-572 800
-571 800
-570 800
-569 800
-568 800
-567 800
-566 800
-565 800
-564 800
-563 800
-562 800
-561 800
-560 800
-559 800
-558 800
-557 800
-556 800
-555 800
-554 800
-553 800
-552 800
-551 800
-550 800
-549 800
-548 800
-547 800
-546 800
-545 800
-544 800
-543 800
-542 800
-541 800
-540 800
-539 800
-538 800
-537 800
-536 800
-535 800
-534 800
-533 800
-532 800
-531 800
-530 800
-529 800
-528 800
-527 800
-526 800
-525 800
-524 800
-523 800
-522 800
-521 800
-520 800
-519 800
-518 800
-517 800
-516 800
-515 800
-514 800
-513 800
-512 800
-511 800
-510 800
-509 800
-508 800
-507 800
-506 800
-505 800
-504 800
-503 800
-502 800
-501 800
