1000 10000
-1493 90
-1488 764
-1486 443
-1484 728
-1478 726
-1477 766
-1475 416
-1469 352
-1468 460
-1466 260
-1465 439
-1463 153
-1459 664
-1457 667
-1456 131
-1454 350
-1447 469
-1446 112
-1444 98
-1439 484
-1438 283
-1436 115
-1430 389
-1429 210
-1427 154
-1424 714
-1423 206
-1418 720
-1413 721
-1409 558
-1406 373
-1400 793
-1398 463
-1392 231
-1389 324
-1387 574
-1382 211
-1372 610
-1371 671
-1370 193
-1369 559
-1363 142
-1358 359
-1355 95
-1352 769
-1350 754
-1349 700
-1348 169
-1347 329
-1344 196
-1342 32
-1339 88
-1337 560
-1335 397
-1334 603
-1331 323
-1330 718
-1327 319
-1323 773
-1321 48
-1320 434
-1319 355
-1318 330
-1316 519
-1311 8
-1310 102
-1300 134
-1299 650
-1298 610
-1295 331
-1282 494
-1281 800
-1274 721
-1273 102
-1271 445
-1267 636
-1266 346
-1265 72
-1263 310
-1260 771
-1258 788
-1257 54
-1256 338
-1254 431
-1253 608
-1251 166
-1245 544
-1243 613
-1242 684
-1238 710
-1234 646
-1231 390
-1221 774
-1219 113
-1216 765
-1214 789
-1213 668
-1211 548
-1210 742
-1209 747
-1206 544
-1203 173
-1202 280
-1198 618
-1193 792
-1182 725
-1178 589
-1172 547
-1170 53
-1166 489
-1163 713
-1161 781
-1160 448
-1159 64
-1149 179
-1147 75
-1144 461
-1142 95
-1141 157
-1140 394
-1136 746
-1125 789
-1123 419
-1121 491
-1117 739
-1112 384
-1111 471
-1107 287
-1106 676
-1105 627
-1104 711
-1103 703
-1102 236
-1099 589
-1095 245
-1090 620
-1089 628
-1088 606
-1086 400
-1085 411
-1078 137
-1074 105
-1072 259
-1071 96
-1070 751
-1069 557
-1066 182
-1059 409
-1055 29
-1050 52
-1048 168
-1047 602
-1045 134
-1044 276
-1043 298
-1041 31
-1035 600
-1026 396
-1025 26
-1020 564
-1019 505
-1017 761
-1011 639
-1008 518
-1006 778
-1002 698
-1001 275
-996 599
-989 726
-985 376
-983 135
-981 774
-979 134
-978 681
-972 451
-969 11
-966 310
-962 518
-959 259
-955 586
-954 651
-950 315
-946 329
-945 427
-944 563
-941 262
-933 92
-927 164
-926 82
-923 242
-922 343
-918 542
-916 782
-911 774
-910 440
-906 11
-905 583
-904 350
-903 448
-900 571
-897 373
-894 202
-892 672
-891 391
-889 746
-888 402
-883 644
-880 347
-879 799
-878 647
-875 155
-873 485
-871 475
-867 686
-863 576
-861 451
-859 630
-856 216
-855 194
-853 279
-850 689
-845 688
-844 155
-842 758
-841 675
-840 318
-837 337
-835 120
-832 706
-830 360
-829 134
-827 90
-826 174
-824 493
-820 591
-819 477
-817 629
-815 640
-814 181
-813 245
-807 30
-805 428
-804 311
-801 562
-787 256
-784 385
-781 784
-775 524
-774 233
-769 664
-762 772
-760 674
-755 477
-754 535
-751 617
-749 114
-748 562
-746 405
-741 228
-735 103
-729 104
-724 541
-720 545
-719 47
-714 316
-711 115
-703 509
-698 456
-688 557
-683 266
-681 798
-676 464
-671 450
-663 98
-657 317
-655 537
-650 273
-648 786
-647 683
-644 744
-641 94
-638 521
-634 386
-631 76
-629 667
-625 414
-620 50
-612 479
-606 341
-604 432
-603 528
-602 265
-597 380
-589 157
-587 735
-585 452
-583 208
-582 620
-574 249
-571 3
-570 721
-569 122
-568 626
-567 602
-565 310
-563 266
-562 80
-561 257
-558 602
-554 54
-553 458
-552 739
-547 413
-545 109
-540 392
-539 431
-537 292
-536 66
-533 123
-532 192
-531 438
-530 350
-525 174
-524 107
-516 777
-513 520
-511 376
-509 182
-502 26
-497 621
-495 423
-491 747
-486 569
-482 768
-479 56
-478 138
-475 186
-468 334
-467 108
-456 22
-455 291
-451 757
-450 718
-444 390
-441 410
-440 792
-436 260
-435 326
-433 96
-431 748
-428 91
-418 537
-417 727
-414 15
-413 536
-410 249
-409 259
-407 283
-403 629
-402 509
-400 599
-399 109
-398 127
-395 143
-394 199
-391 220
-386 6
-381 364
-380 551
-379 354
-377 282
-376 414
-375 687
-370 282
-367 67
-360 35
-359 509
-358 750
-355 394
-354 375
-352 776
-351 198
-350 49
-349 82
-344 757
-340 401
-337 104
-334 165
-332 542
-331 3
-330 168
-327 602
-325 72
-320 8
-317 361
-314 189
-305 576
-303 482
-302 443
-300 236
-295 171
-290 445
-289 685
-287 157
-286 490
-283 637
-281 623
-276 700
-272 573
-271 452
-268 596
-267 664
-265 735
-262 478
-261 668
-260 282
-259 650
-252 453
-251 323
-250 53
-247 235
-244 546
-242 536
-238 398
-237 510
-235 294
-232 163
-231 687
-229 598
-228 99
-226 443
-224 261
-223 679
-221 79
-220 57
-219 656
-218 460
-216 294
-213 671
-209 598
-201 553
-197 78
-196 467
-195 78
-194 328
-187 681
-184 167
-179 490
-173 650
-172 620
-171 131
-168 416
-164 487
-163 246
-158 65
-156 234
-154 383
-153 316
-152 112
-151 179
-149 346
-142 504
-140 383
-137 471
-127 448
-124 207
-123 525
-121 252
-119 120
-116 726
-100 295
-99 363
-96 302
-93 161
-90 369
-88 777
-81 354
-80 243
-69 672
-68 543
-62 250
-61 721
-60 122
-57 267
-55 365
-54 407
-51 513
-50 390
-48 111
-46 775
-44 754
-37 610
-36 163
-35 608
-33 11
-25 288
-23 234
-11 305
-10 127
-8 575
-5 666
-2 345
1 630
2 261
5 604
6 736
10 32
11 112
12 83
16 46
27 523
28 125
37 49
40 764
41 480
42 401
43 326
44 173
45 209
48 614
67 305
68 167
70 503
72 325
73 109
75 165
81 605
84 230
85 115
89 161
91 122
97 477
98 39
99 209
102 261
104 715
108 696
111 642
113 308
114 586
117 555
119 279
123 579
125 270
126 177
130 34
134 576
143 344
146 136
148 118
151 576
152 617
153 681
155 347
156 121
160 399
162 582
165 463
170 635
173 410
181 387
183 502
185 724
189 682
191 176
196 241
197 572
198 589
200 619
205 311
206 584
207 133
208 368
209 423
215 178
222 256
223 771
225 137
226 369
228 221
229 174
230 302
234 486
237 218
239 336
241 253
243 511
244 660
247 402
253 490
254 479
259 558
261 615
273 77
275 49
279 128
280 549
284 185
288 83
291 782
294 722
295 92
297 431
298 732
299 662
302 750
303 298
304 724
305 559
307 161
309 671
312 726
315 568
316 275
317 202
318 449
319 532
324 546
326 425
327 394
328 674
330 696
331 137
332 347
334 236
335 630
336 180
346 359
358 219
363 154
368 288
372 743
373 582
374 550
376 199
378 731
381 673
385 606
386 716
387 285
393 272
397 682
399 535
400 239
402 408
403 355
405 30
411 380
414 383
417 673
423 388
426 294
429 539
433 113
434 464
437 728
442 567
444 616
445 625
449 109
450 76
461 736
464 410
466 798
467 495
470 722
475 310
477 96
485 56
493 352
502 396
503 41
506 180
508 517
509 33
513 115
519 407
520 727
521 436
524 772
525 715
526 201
532 128
534 752
541 428
543 652
548 384
549 597
556 438
557 541
560 656
563 200
566 658
567 211
569 322
573 655
575 381
576 561
578 257
580 748
582 67
583 452
584 290
591 685
592 795
593 797
594 571
604 704
611 143
622 199
624 738
630 529
631 140
633 544
635 270
641 449
644 192
651 779
653 426
654 399
655 141
658 450
664 291
666 59
668 337
671 291
675 763
676 269
678 121
688 647
690 715
692 691
694 467
697 667
699 419
703 198
708 232
710 403
711 787
713 112
714 313
718 315
719 130
721 196
730 769
736 521
738 130
741 468
743 721
751 757
754 454
756 504
757 250
758 443
762 366
765 273
767 364
768 131
770 686
771 36
775 389
777 750
783 92
785 54
788 540
790 605
791 257
803 349
804 560
815 533
830 357
831 400
833 339
834 675
835 101
837 135
839 242
848 340
849 420
854 588
856 340
858 578
859 48
861 392
865 85
866 195
869 676
872 610
877 141
878 637
879 374
880 559
885 404
886 89
888 372
892 472
894 581
895 216
896 698
898 559
899 92
900 348
902 312
903 102
905 204
909 377
912 422
916 241
917 278
934 4
936 433
937 369
939 381
946 86
948 742
951 292
956 732
958 336
960 97
963 57
964 18
966 572
967 567
968 113
970 738
973 172
979 657
980 333
986 604
995 89
996 523
997 303
1005 335
1015 543
1021 468
1022 480
1026 576
1029 120
1030 521
1036 416
1041 645
1046 75
1053 534
1054 536
1056 246
1058 79
1064 57
1067 172
1069 695
1070 571
1071 584
1075 242
1076 28
1077 320
1079 339
1081 188
1089 347
1090 390
1091 623
1092 279
1096 521
1102 622
1106 561
1115 555
1117 178
1119 14
1123 484
1124 633
1125 409
1130 368
1133 732
1134 414
1136 271
1138 198
1139 485
1144 749
1146 158
1155 328
1156 260
1160 488
1161 320
1164 219
1169 748
1173 95
1175 651
1176 361
1177 606
1180 102
1183 704
1184 323
1191 667
1193 170
1194 192
1195 421
1198 793
1203 65
1204 254
1209 150
1210 594
1211 128
1214 601
1218 461
1220 475
1222 369
1226 508
1229 79
1231 294
1232 680
1235 230
1239 493
1240 697
1245 338
1247 236
1248 270
1249 222
1259 63
1260 323
1262 663
1264 80
1268 717
1269 78
1272 160
1274 306
1278 714
1279 80
1280 184
1285 401
1286 190
1287 423
1296 352
1299 767
1301 606
1306 114
1308 499
1317 586
1319 343
1323 348
1324 328
1325 173
1326 246
1328 714
1333 656
1335 505
1341 540
1342 790
1343 384
1344 515
1345 569
1347 400
1351 601
1353 758
1354 136
1357 612
1358 260
1361 573
1365 416
1366 535
1367 64
1371 37
1373 603
1374 396
1375 43
1376 546
1377 786
1378 621
1382 493
1384 650
1385 446
1386 597
1389 734
1390 634
1395 411
1399 304
1406 216
1408 520
1411 284
1418 106
1422 515
1423 501
1424 623
1427 38
1429 603
1430 558
1431 736
1437 9
1440 394
1453 582
1461 324
1463 492
1466 798
1469 33
1472 198
1474 369
1477 568
1480 187
1483 313
1487 79
1493 778
1496 598
1498 706
