1000 5
-1499 513
-1495 473
-1493 392
-1492 635
-1488 55
-1475 545
-1470 606
-1466 237
-1454 170
-1452 755
-1450 552
-1448 737
-1447 619
-1445 414
-1442 240
-1441 793
-1440 228
-1439 606
-1432 122
-1427 398
-1420 459
-1419 576
-1418 72
-1417 675
-1415 249
-1413 10
-1411 584
-1404 595
-1403 26
-1397 686
-1394 2
-1391 297
-1387 225
-1383 566
-1382 445
-1381 540
-1377 194
-1375 163
-1374 670
-1373 354
-1372 682
-1369 456
-1368 47
-1365 232
-1362 26
-1361 462
-1360 407
-1356 95
-1355 550
-1354 613
-1352 606
-1351 372
-1350 525
-1347 88
-1345 720
-1344 699
-1343 685
-1342 139
-1341 21
-1340 247
-1337 731
-1336 697
-1335 658
-1331 416
-1329 423
-1328 574
-1322 557
-1319 606
-1317 433
-1315 488
-1310 684
-1308 247
-1303 581
-1302 795
-1301 661
-1297 509
-1295 287
-1290 631
-1287 703
-1284 673
-1276 646
-1269 637
-1265 191
-1263 688
-1260 548
-1259 129
-1258 100
-1255 24
-1252 533
-1251 710
-1250 764
-1249 600
-1248 645
-1247 364
-1245 760
-1241 551
-1240 393
-1239 509
-1238 156
-1237 325
-1236 632
-1235 310
-1234 76
-1231 344
-1230 367
-1229 390
-1228 361
-1226 240
-1221 410
-1220 34
-1218 567
-1217 636
-1214 84
-1212 684
-1211 636
-1205 574
-1204 44
-1200 193
-1198 127
-1197 465
-1195 623
-1194 643
-1193 623
-1192 403
-1185 764
-1170 27
-1165 512
-1162 166
-1150 55
-1147 187
-1146 604
-1136 744
-1134 374
-1123 452
-1121 665
-1120 151
-1116 722
-1114 186
-1113 366
-1112 598
-1110 310
-1109 119
-1107 549
-1104 786
-1103 614
-1092 777
-1089 650
-1085 150
-1079 42
-1076 550
-1072 336
-1071 415
-1068 210
-1066 309
-1063 554
-1062 687
-1060 340
-1058 358
-1054 182
-1050 728
-1045 192
-1041 571
-1040 512
-1039 16
-1036 11
-1035 523
-1034 306
-1033 74
-1032 413
-1027 554
-1025 711
-1021 765
-1019 541
-1017 672
-1012 164
-1011 195
-1002 245
-1001 571
-996 271
-995 578
-988 385
-986 700
-985 430
-981 188
-980 284
-978 432
-976 378
-973 45
-972 327
-971 664
-970 689
-969 173
-968 533
-967 525
-962 128
-960 145
-958 19
-952 212
-946 405
-941 177
-934 693
-933 295
-932 167
-930 547
-924 657
-923 800
-918 235
-917 592
-915 171
-903 729
-897 451
-896 598
-892 246
-890 309
-888 120
-883 351
-860 10
-856 47
-852 508
-851 334
-845 687
-844 32
-841 291
-838 227
-837 729
-835 4
-834 239
-833 127
-831 561
-829 159
-828 85
-827 653
-823 366
-822 223
-818 156
-811 283
-809 735
-803 454
-799 767
-797 44
-796 556
-794 584
-789 128
-788 291
-787 724
-786 55
-785 575
-781 161
-776 399
-771 716
-769 439
-767 577
-765 290
-764 397
-758 150
-756 243
-754 298
-749 344
-748 268
-747 332
-741 321
-740 188
-733 441
-732 30
-728 8
-726 785
-725 764
-723 276
-721 650
-720 508
-710 35
-709 78
-706 788
-704 651
-703 54
-702 684
-701 322
-698 649
-696 253
-693 789
-692 318
-686 163
-680 112
-677 507
-676 96
-673 658
-666 760
-660 365
-658 116
-657 349
-655 195
-648 19
-646 41
-645 185
-643 573
-641 58
-638 750
-635 503
-634 444
-633 51
-631 105
-628 693
-624 742
-621 53
-617 407
-612 739
-610 427
-609 162
-598 147
-597 563
-596 660
-595 31
-594 331
-593 466
-589 631
-584 695
-579 312
-576 579
-575 533
-570 197
-568 710
-567 667
-562 752
-561 84
-560 724
-556 237
-555 29
-551 574
-537 336
-529 8
-527 602
-525 538
-524 86
-519 778
-517 545
-513 406
-510 733
-506 615
-504 99
-503 750
-500 790
-495 759
-492 698
-491 783
-487 291
-480 412
-479 368
-478 108
-476 548
-475 67
-474 437
-471 699
-467 272
-466 139
-459 422
-455 503
-451 112
-445 401
-443 586
-440 665
-438 73
-431 211
-427 382
-424 97
-419 393
-418 738
-417 262
-416 612
-413 624
-408 43
-407 299
-405 535
-403 584
-402 714
-401 401
-391 318
-390 122
-389 194
-388 449
-386 202
-385 372
-384 365
-381 453
-377 313
-373 562
-363 390
-361 485
-355 571
-352 362
-350 443
-340 495
-333 363
-327 377
-325 566
-317 575
-316 710
-315 195
-314 562
-311 705
-301 267
-296 108
-291 291
-290 713
-286 138
-283 749
-282 239
-275 146
-269 795
-266 179
-263 429
-261 243
-254 613
-251 128
-250 499
-248 639
-247 732
-246 97
-244 773
-243 484
-242 711
-241 540
-238 411
-237 581
-235 509
-232 230
-228 329
-226 727
-223 64
-219 435
-217 533
-212 522
-211 529
-209 94
-208 784
-205 541
-197 622
-192 88
-184 319
-181 569
-179 662
-176 347
-175 379
-173 617
-166 696
-165 678
-164 590
-160 322
-159 437
-154 65
-153 36
-150 476
-145 351
-143 493
-140 451
-136 392
-132 433
-126 178
-122 625
-119 94
-117 32
-110 562
-107 575
-96 515
-95 678
-93 302
-89 367
-88 1
-87 425
-85 78
-81 3
-78 694
-77 204
-73 581
-72 793
-65 159
-63 320
-62 267
-61 350
-56 714
-55 394
-48 525
-45 680
-41 413
-33 677
-32 313
-31 407
-24 696
-19 328
-18 267
-13 767
-7 51
-5 117
-3 623
-1 559
1 464
8 558
11 237
13 338
15 39
16 350
18 85
20 298
21 406
25 143
29 691
30 767
34 739
36 511
37 94
39 588
45 470
46 322
52 158
53 579
54 102
55 3
56 6
58 141
60 150
62 284
66 455
67 475
70 619
76 674
78 544
80 608
84 467
86 671
90 395
93 398
95 459
97 794
99 439
103 50
106 646
116 761
119 347
120 319
122 674
123 696
125 532
126 292
129 227
132 697
137 602
141 281
142 561
144 710
145 170
146 161
155 103
157 115
159 42
161 659
167 194
168 45
169 593
170 536
181 63
187 664
189 215
194 670
197 204
198 18
201 556
204 593
206 185
207 313
211 663
218 505
224 765
230 36
239 767
240 492
241 706
243 735
250 8
255 605
260 87
265 353
271 677
272 477
274 139
275 488
277 381
278 549
279 692
280 443
282 572
285 47
290 125
298 794
301 319
303 304
304 272
305 596
307 542
308 468
313 165
315 380
318 65
323 430
325 183
327 376
328 609
331 132
332 654
333 420
334 578
335 449
339 570
343 33
351 278
352 23
353 41
359 772
362 512
363 541
367 654
368 513
370 135
374 344
379 494
381 443
382 361
386 359
388 108
390 154
391 61
392 281
393 454
394 331
397 87
398 325
399 652
401 774
402 623
404 238
411 322
422 189
425 335
438 45
440 681
441 112
442 125
445 124
446 82
447 582
449 56
457 210
460 400
463 586
467 598
475 353
481 385
485 610
494 168
500 48
502 390
503 233
504 212
506 166
507 428
508 611
510 339
511 172
512 544
522 72
528 795
529 243
530 325
534 721
547 313
548 695
550 719
552 783
566 9
569 653
570 134
573 429
575 351
576 281
577 786
579 711
580 492
583 768
586 242
592 108
598 734
599 556
601 675
604 6
608 592
610 540
611 666
613 47
614 293
619 18
625 294
626 513
628 579
631 213
632 317
633 586
634 496
635 474
639 506
640 682
642 515
645 745
647 525
649 546
653 424
655 365
656 15
657 562
658 653
667 748
669 780
670 30
671 293
677 614
678 661
681 443
682 580
683 616
687 502
695 353
699 232
700 430
706 212
707 538
708 74
709 182
710 482
712 84
713 164
714 262
718 468
723 468
728 442
729 796
732 713
733 570
737 585
743 725
747 326
749 388
752 478
757 540
760 641
763 481
767 602
774 493
775 586
781 451
784 61
786 412
790 112
791 672
795 603
796 292
797 506
799 380
800 613
801 178
802 411
810 705
814 345
817 463
819 251
820 703
830 706
833 728
835 772
837 771
838 238
840 214
841 433
842 8
846 17
847 291
848 266
849 227
852 407
853 649
857 333
858 159
859 67
860 581
862 443
864 684
866 345
874 320
877 283
878 732
881 468
883 232
889 515
890 259
893 636
896 704
897 217
898 780
899 225
900 698
905 567
906 775
907 60
910 561
913 536
917 601
918 348
919 145
920 42
921 774
922 575
923 302
924 440
925 623
926 277
930 583
931 449
932 717
934 312
939 579
940 579
941 667
948 671
952 325
954 33
955 580
956 534
958 581
961 760
964 611
966 685
969 144
972 146
973 44
974 639
975 434
976 427
978 724
979 562
982 629
990 371
1020 201
1021 279
1022 88
1024 107
1025 608
1027 736
1028 625
1033 16
1034 580
1039 227
1040 760
1043 176
1044 616
1046 490
1059 75
1063 186
1065 518
1066 233
1068 681
1069 17
1071 492
1073 43
1074 390
1076 800
1079 581
1082 443
1084 613
1085 230
1087 661
1088 352
1090 420
1092 210
1096 687
1100 218
1104 269
1105 32
1107 796
1114 791
1115 511
1118 228
1119 178
1127 9
1128 711
1133 342
1136 169
1137 390
1138 137
1140 371
1141 320
1143 486
1145 266
1146 297
1148 330
1150 61
1161 296
1170 755
1171 186
1173 490
1174 373
1175 325
1178 638
1180 65
1181 258
1186 195
1192 724
1193 602
1195 504
1201 730
1202 71
1203 80
1209 184
1217 604
1218 727
1219 613
1220 599
1221 406
1223 172
1225 710
1226 349
1229 124
1231 569
1238 274
1245 531
1248 135
1249 681
1250 584
1251 569
1258 536
1269 283
1270 521
1273 797
1281 200
1282 233
1288 26
1290 17
1293 690
1294 100
1299 615
1302 125
1307 470
1308 349
1310 147
1315 307
1318 677
1325 217
1329 760
1330 90
1336 686
1338 777
1341 644
1342 10
1346 82
1347 393
1352 390
1364 170
1365 10
1367 793
1371 553
1372 187
1375 790
1377 455
1379 486
1383 222
1386 332
1392 666
1397 766
1399 296
1404 301
1410 486
1418 596
1422 88
1429 139
1430 585
1432 455
1441 154
1446 615
1448 696
1450 370
1451 189
1454 412
1455 493
1458 239
1461 236
1465 341
1470 225
1475 140
1484 627
1488 506
1489 683
1490 231
1494 515
1496 119
1500 9
