100 20
-500 18
-497 18
-494 3
-491 28
-488 3
-485 27
-482 9
-479 26
-476 10
-473 5
-470 6
-467 20
-464 20
-461 22
-458 17
-455 23
-452 29
-449 11
-446 18
-443 3
-440 17
-437 14
-434 6
-431 25
-428 13
-425 19
-422 20
-419 19
-416 5
-413 22
-410 27
-407 29
-404 2
-401 29
-398 24
-395 25
-392 8
-389 28
-386 12
-383 12
-380 13
-377 7
-374 16
-371 27
-368 9
-365 18
-362 11
-359 27
-356 18
-353 15
-350 29
-347 4
-344 10
-341 10
-338 26
-335 28
-332 27
-329 13
-326 3
-323 9
-320 25
-317 29
-314 16
-311 21
-308 15
-305 11
-302 8
-299 13
-296 29
-293 8
-290 9
-287 8
-284 10
-281 21
-278 11
-275 22
-272 11
-269 11
-266 5
-263 26
-260 20
-257 3
-254 3
-251 18
-248 24
-245 16
-242 25
-239 26
-236 9
-233 15
-230 22
-227 25
-224 21
-221 11
-218 27
-215 10
-212 9
-209 18
-206 16
-203 26
