100 25
100 18
104 18
108 6
112 17
116 6
120 12
124 24
128 9
132 12
136 13
140 16
144 19
148 4
152 13
156 12
160 10
164 14
168 27
172 15
176 8
180 24
184 6
188 11
192 5
196 14
200 22
204 10
208 21
212 22
216 28
220 7
224 9
228 17
232 17
236 19
240 22
244 22
248 18
252 12
256 25
260 23
264 10
268 13
272 2
276 4
280 4
284 20
288 5
292 12
296 29
300 23
304 11
308 8
312 4
316 2
320 18
324 18
328 26
332 13
336 23
340 7
344 6
348 23
352 25
356 9
360 28
364 26
368 11
372 4
376 28
380 2
384 9
388 4
392 4
396 27
400 20
404 6
408 4
412 7
416 6
420 11
424 10
428 28
432 15
436 11
440 9
444 29
448 27
452 28
456 26
460 29
464 9
468 8
472 14
476 16
480 21
484 12
488 7
492 21
496 21
