1000 1
-1499 592
-1497 758
-1476 1
-1474 39
-1471 521
-1466 289
-1459 733
-1458 519
-1454 644
-1453 156
-1452 579
-1450 608
-1442 120
-1441 681
-1439 308
-1437 530
-1432 525
-1431 131
-1430 65
-1425 71
-1422 473
-1420 301
-1419 390
-1417 667
-1416 61
-1412 28
-1408 185
-1406 147
-1398 190
-1397 565
-1396 711
-1395 715
-1392 356
-1386 261
-1380 507
-1378 369
-1375 145
-1368 768
-1366 7
-1357 103
-1356 386
-1351 707
-1347 28
-1346 677
-1345 223
-1344 518
-1343 285
-1336 740
-1329 594
-1326 108
-1319 122
-1316 587
-1314 360
-1312 478
-1311 789
-1309 321
-1308 446
-1300 31
-1299 196
-1298 148
-1297 626
-1293 7
-1291 75
-1288 300
-1287 232
-1285 653
-1284 460
-1282 655
-1281 763
-1280 323
-1279 484
-1275 585
-1274 190
-1266 757
-1263 114
-1262 305
-1258 800
-1257 594
-1255 16
-1254 220
-1248 674
-1245 394
-1237 714
-1236 411
-1233 521
-1231 36
-1227 2
-1225 610
-1224 177
-1223 758
-1221 589
-1215 379
-1214 294
-1209 674
-1208 259
-1207 305
-1200 422
-1197 327
-1195 26
-1194 429
-1190 511
-1188 753
-1179 505
-1175 151
-1172 792
-1169 339
-1158 232
-1157 780
-1156 112
-1152 194
-1149 419
-1148 664
-1144 348
-1141 327
-1139 674
-1136 597
-1133 137
-1132 426
-1130 2
-1129 384
-1123 137
-1120 138
-1119 468
-1118 460
-1115 352
-1113 408
-1112 350
-1105 358
-1104 439
-1103 101
-1098 24
-1094 292
-1093 732
-1091 82
-1088 720
-1085 732
-1077 649
-1076 411
-1072 701
-1069 414
-1067 60
-1066 183
-1065 486
-1059 488
-1057 37
-1053 767
-1050 388
-1048 629
-1046 8
-1045 783
-1044 296
-1043 576
-1042 223
-1039 715
-1038 507
-1029 484
-1026 94
-1022 771
-1020 760
-1019 290
-1013 30
-1012 159
-1011 610
-1010 764
-1007 551
-1006 752
-1004 364
-999 787
-995 480
-988 104
-987 712
-984 543
-983 508
-980 370
-979 219
-973 633
-972 681
-971 697
-962 432
-960 702
-959 774
-954 577
-953 233
-952 528
-945 1
-941 639
-939 199
-938 393
-934 351
-924 484
-922 381
-919 688
-902 607
-895 216
-892 547
-891 337
-888 240
-885 121
-881 270
-880 141
-879 260
-878 381
-876 302
-875 154
-871 436
-870 24
-869 316
-867 129
-866 701
-863 473
-855 536
-854 680
-853 388
-849 566
-846 547
-843 535
-841 494
-840 569
-838 765
-836 568
-830 120
-829 180
-825 23
-821 501
-820 27
-819 475
-816 782
-815 375
-814 784
-811 103
-807 313
-805 320
-802 117
-801 602
-799 77
-798 615
-796 784
-795 555
-794 498
-789 186
-787 409
-784 309
-782 203
-772 608
-771 450
-769 790
-765 504
-762 372
-760 188
-759 350
-755 591
-750 234
-748 759
-747 11
-744 604
-738 58
-737 714
-736 48
-735 639
-729 29
-726 18
-725 182
-720 170
-717 205
-716 224
-712 199
-701 618
-698 154
-697 655
-695 151
-694 260
-693 548
-692 223
-690 283
-689 333
-687 635
-685 267
-684 154
-680 130
-672 425
-670 576
-669 667
-668 56
-667 70
-666 140
-665 201
-664 465
-663 50
-660 792
-656 245
-650 58
-648 232
-645 693
-631 268
-625 732
-623 224
-618 109
-617 103
-616 487
-614 53
-608 716
-607 104
-603 445
-598 200
-594 502
-592 661
-591 459
-589 476
-583 130
-578 636
-574 557
-571 457
-569 189
-563 194
-562 561
-560 352
-559 691
-557 347
-550 599
-540 228
-538 280
-536 173
-533 665
-530 285
-526 139
-524 655
-518 469
-516 220
-513 184
-512 344
-510 292
-509 581
-508 191
-500 763
-498 146
-488 314
-487 366
-485 511
-484 155
-481 763
-480 446
-475 222
-474 431
-473 272
-466 717
-465 2
-463 744
-461 397
-460 36
-456 147
-454 129
-450 18
-442 664
-438 436
-436 566
-431 379
-428 41
-427 747
-425 776
-424 501
-422 168
-420 733
-419 477
-418 314
-416 716
-415 186
-413 51
-412 321
-411 748
-409 276
-403 396
-399 20
-396 275
-393 81
-392 560
-391 212
-386 63
-377 85
-376 564
-374 349
-371 291
-369 250
-368 454
-362 789
-359 393
-356 208
-354 80
-353 443
-352 296
-348 450
-345 128
-344 318
-343 528
-342 139
-341 329
-338 319
-323 341
-322 789
-319 35
-316 604
-309 756
-306 142
-301 698
-298 549
-296 471
-295 339
-290 21
-289 739
-282 393
-272 43
-271 394
-270 644
-268 681
-256 448
-255 636
-254 772
-252 752
-246 633
-245 460
-238 58
-237 129
-232 500
-230 758
-228 467
-225 276
-223 714
-215 640
-211 528
-206 661
-203 467
-195 747
-194 240
-193 707
-191 150
-190 621
-189 102
-188 217
-186 367
-185 767
-182 203
-180 36
-177 407
-176 622
-156 197
-152 249
-149 503
-147 664
-145 38
-144 408
-138 790
-135 346
-133 185
-130 196
-128 146
-124 137
-123 185
-122 715
-119 621
-111 326
-108 130
-104 675
-103 50
-102 147
-101 397
-100 159
-99 621
-96 579
-95 217
-94 651
-91 59
-90 178
-87 240
-85 114
-84 190
-83 16
-79 540
-72 518
-71 537
-69 46
-68 163
-65 218
-64 647
-62 654
-58 609
-56 89
-43 340
-39 155
-38 572
-37 234
-34 578
-33 171
-32 34
-29 300
-18 624
-15 196
-14 1
-7 672
-6 235
-5 113
2 511
6 750
7 436
8 523
9 609
10 728
11 328
12 207
13 2
19 339
21 116
24 57
25 560
31 644
33 138
38 769
41 615
46 447
51 385
53 105
57 503
59 91
61 239
67 139
72 468
76 146
78 537
85 470
90 292
91 487
96 137
101 793
104 637
105 394
106 719
108 274
109 526
112 541
114 737
119 417
120 505
122 736
125 599
129 547
146 498
147 262
149 8
150 96
151 29
156 681
158 631
160 707
163 244
165 270
169 25
172 333
174 790
175 483
178 139
181 299
187 600
191 751
192 285
194 356
195 365
198 682
199 741
205 58
206 395
209 465
210 78
216 398
217 265
221 361
222 232
226 617
227 247
237 359
238 453
240 788
247 27
248 16
254 74
256 556
261 219
263 357
266 624
269 188
271 531
273 10
280 772
283 776
284 28
285 685
286 287
289 179
292 118
301 103
303 650
304 288
313 787
314 320
316 242
321 630
323 710
325 65
331 194
333 698
334 275
336 627
337 268
338 530
340 677
341 484
343 662
345 285
347 346
349 489
351 233
359 433
364 90
365 423
377 32
381 51
382 178
384 110
386 430
388 257
390 36
392 451
394 96
401 650
402 340
403 22
404 431
405 19
406 417
407 211
416 744
417 476
419 698
428 523
436 252
438 39
441 605
450 553
451 588
452 306
453 422
456 637
458 2
463 668
466 560
468 68
471 286
472 226
473 106
475 601
478 45
479 84
482 782
483 116
484 625
486 232
487 735
489 799
491 295
495 494
496 152
498 639
499 778
502 21
504 300
505 402
509 771
510 309
513 260
516 406
517 28
521 396
523 308
528 231
531 61
535 762
536 473
545 588
546 222
547 719
550 27
556 751
562 694
571 433
574 476
575 335
577 406
580 322
584 98
587 288
588 429
591 224
599 679
605 85
608 38
616 239
621 439
622 385
626 455
628 279
629 423
634 629
635 550
640 85
641 640
642 425
643 47
644 512
647 465
648 25
652 230
654 208
662 475
666 215
672 654
673 32
674 172
682 542
686 755
693 175
694 549
698 795
704 28
708 11
711 597
717 370
722 87
723 734
729 594
730 166
731 540
741 146
745 678
751 20
755 277
756 350
757 438
759 777
761 248
762 161
764 550
765 219
767 670
769 285
775 76
783 489
784 582
786 331
789 119
792 56
796 628
799 98
801 416
804 615
808 692
812 619
814 47
816 793
821 109
826 27
827 733
828 177
830 85
831 785
838 424
839 60
844 430
847 575
848 686
852 748
853 763
858 113
861 751
871 460
874 664
875 727
878 467
879 383
883 119
884 563
885 290
886 9
887 510
888 398
890 475
896 681
897 287
899 561
901 450
905 54
907 22
911 793
916 412
918 103
921 261
922 480
927 179
934 25
935 782
938 101
939 234
940 482
948 189
949 411
953 380
954 192
960 246
962 785
963 483
964 440
966 64
970 392
971 56
974 216
975 339
976 613
977 687
980 652
985 507
995 276
996 425
999 390
1000 382
1002 130
1004 121
1008 385
1012 675
1013 335
1014 326
1019 510
1020 450
1022 465
1024 582
1026 493
1036 128
1037 626
1038 412
1040 392
1042 682
1045 604
1049 195
1050 762
1052 297
1053 448
1055 196
1063 598
1065 445
1068 375
1069 29
1070 758
1071 12
1073 42
1075 160
1086 296
1088 717
1089 435
1090 168
1092 244
1093 607
1097 296
1102 766
1105 665
1107 553
1108 376
1110 232
1111 322
1114 341
1118 51
1119 658
1120 764
1124 126
1127 744
1129 114
1130 748
1131 710
1136 52
1144 629
1146 218
1152 56
1158 781
1165 661
1166 371
1172 327
1173 550
1176 140
1177 800
1178 723
1181 22
1196 52
1199 675
1202 620
1208 411
1213 533
1214 621
1215 352
1217 620
1225 152
1228 121
1230 446
1232 515
1234 31
1236 681
1239 788
1240 581
1246 720
1248 49
1251 431
1256 17
1260 315
1261 194
1266 270
1270 34
1282 257
1288 575
1289 285
1300 766
1302 125
1305 17
1306 776
1310 724
1311 793
1314 479
1317 398
1320 84
1326 314
1327 378
1328 275
1330 122
1332 667
1333 7
1335 289
1338 508
1341 138
1342 676
1344 19
1345 24
1354 48
1358 79
1361 791
1362 441
1363 612
1368 587
1372 64
1374 585
1376 622
1379 760
1380 86
1382 278
1383 416
1385 396
1386 228
1388 288
1389 552
1393 663
1394 796
1397 551
1406 330
1407 704
1411 572
1417 75
1418 731
1422 500
1423 185
1424 413
1430 9
1431 574
1432 15
1434 523
1438 354
1439 356
1444 311
1448 573
1454 190
1455 665
1456 482
1458 655
1460 155
1464 502
1465 302
1466 528
1468 693
1469 344
1471 693
1474 584
1475 579
1478 190
1479 379
1484 109
1485 401
1492 368
1493 35
1494 701
1497 706
