1000 10000
-1499 776
-1498 649
-1496 164
-1494 536
-1492 362
-1490 755
-1488 345
-1481 135
-1480 96
-1479 243
-1477 30
-1474 241
-1472 503
-1462 407
-1461 380
-1459 639
-1458 386
-1455 343
-1453 445
-1447 265
-1443 397
-1442 133
-1433 8
-1431 670
-1426 436
-1422 721
-1421 183
-1420 609
-1419 222
-1413 697
-1411 635
-1410 74
-1409 389
-1405 440
-1400 26
-1397 98
-1394 236
-1390 100
-1389 429
-1386 397
-1384 102
-1383 416
-1382 476
-1381 440
-1376 335
-1372 68
-1371 63
-1369 352
-1366 590
-1365 700
-1363 17
-1362 278
-1361 511
-1359 681
-1358 144
-1356 200
-1344 794
-1336 98
-1334 365
-1333 643
-1332 636
-1330 336
-1329 185
-1315 572
-1313 207
-1312 745
-1302 513
-1297 34
-1292 693
-1291 530
-1290 381
-1288 541
-1287 545
-1285 589
-1284 688
-1274 519
-1268 581
-1267 314
-1266 38
-1264 172
-1262 287
-1260 471
-1257 208
-1248 54
-1245 215
-1242 704
-1240 553
-1238 553
-1230 668
-1229 578
-1227 325
-1225 652
-1222 455
-1217 738
-1214 791
-1212 162
-1202 608
-1200 496
-1195 409
-1194 341
-1187 562
-1172 464
-1171 674
-1170 729
-1166 505
-1160 359
-1158 399
-1153 442
-1152 184
-1151 556
-1150 112
-1148 740
-1143 681
-1137 54
-1132 120
-1128 403
-1127 423
-1124 703
-1119 236
-1115 209
-1111 540
-1104 118
-1103 683
-1099 791
-1098 329
-1096 717
-1094 499
-1091 547
-1087 111
-1081 793
-1073 596
-1071 380
-1068 149
-1067 454
-1058 465
-1056 214
-1054 291
-1053 402
-1052 37
-1043 670
-1039 362
-1036 384
-1032 499
-1031 565
-1026 387
-1024 183
-1023 170
-1022 222
-1020 502
-1018 221
-1016 93
-1015 399
-1014 297
-1012 2
-1011 761
-1009 213
-1007 307
-1006 558
-1005 556
-1004 585
-1002 676
-1001 251
-1000 457
-999 41
-992 629
-990 736
-988 158
-981 35
-980 748
-977 99
-973 457
-971 794
-967 642
-966 280
-964 408
-960 561
-954 285
-950 143
-942 768
-938 320
-937 182
-935 42
-933 572
-932 122
-929 457
-926 763
-923 142
-917 503
-916 127
-911 130
-910 279
-909 453
-908 722
-903 527
-901 778
-896 505
-893 623
-890 68
-886 144
-883 330
-879 299
-876 618
-874 22
-872 352
-869 740
-865 694
-864 430
-860 133
-857 90
-856 205
-855 358
-853 493
-852 138
-849 697
-847 643
-845 65
-844 504
-842 63
-841 567
-840 778
-839 458
-838 339
-837 143
-835 531
-825 207
-822 114
-821 517
-820 467
-818 468
-816 706
-814 86
-810 750
-804 503
-801 758
-798 136
-796 208
-795 93
-794 654
-789 61
-787 146
-780 527
-776 231
-763 715
-762 225
-760 208
-759 346
-757 162
-755 677
-752 654
-748 775
-746 276
-743 153
-742 570
-739 682
-736 522
-728 432
-725 714
-724 681
-719 66
-713 109
-703 303
-700 337
-690 287
-684 213
-683 211
-674 664
-671 27
-668 395
-666 59
-663 401
-662 127
-656 294
-650 616
-649 226
-647 510
-641 563
-637 761
-633 61
-632 552
-628 384
-623 115
-621 725
-619 621
-618 705
-617 540
-614 259
-608 371
-606 18
-602 618
-598 100
-597 619
-591 248
-586 762
-585 241
-582 749
-578 530
-576 363
-571 561
-570 198
-566 745
-565 532
-564 658
-555 39
-554 503
-547 273
-546 290
-545 9
-543 559
-541 400
-540 364
-537 124
-533 124
-532 728
-530 780
-529 531
-527 537
-526 405
-525 716
-524 348
-521 781
-520 771
-518 338
-517 370
-516 430
-511 730
-509 691
-505 642
-504 253
-502 751
-501 247
-499 272
-497 184
-496 411
-495 508
-491 455
-488 179
-486 547
-485 555
-484 641
-478 138
-477 669
-474 92
-469 654
-464 271
-462 573
-461 461
-460 470
-455 142
-447 57
-442 750
-438 530
-436 68
-433 399
-428 18
-425 127
-417 297
-416 199
-412 180
-411 760
-407 470
-405 130
-403 305
-398 584
-395 765
-393 690
-392 194
-388 531
-385 487
-382 243
-381 542
-375 603
-374 571
-373 174
-371 769
-365 751
-364 170
-362 333
-361 132
-360 526
-356 765
-355 264
-352 353
-347 544
-346 747
-342 518
-341 247
-339 143
-338 51
-336 732
-335 372
-332 626
-331 313
-325 669
-324 133
-320 490
-317 4
-315 264
-314 347
-309 35
-304 418
-299 300
-298 666
-297 563
-296 558
-289 766
-287 179
-286 17
-285 493
-284 728
-279 423
-278 267
-272 99
-270 91
-269 139
-268 770
-267 726
-263 182
-259 81
-254 285
-250 549
-246 125
-244 143
-243 110
-241 203
-236 670
-234 333
-232 92
-231 85
-230 526
-229 625
-228 287
-215 82
-211 195
-210 644
-208 121
-207 469
-205 575
-202 63
-201 643
-198 245
-196 688
-192 776
-184 783
-183 135
-181 161
-175 376
-174 28
-167 414
-166 618
-164 641
-163 326
-160 1
-158 505
-155 786
-150 434
-149 551
-148 305
-146 506
-145 373
-142 363
-132 423
-130 36
-129 445
-124 596
-119 674
-114 762
-108 320
-107 673
-105 748
-104 481
-102 122
-101 48
-98 536
-95 195
-92 710
-89 110
-86 253
-83 60
-81 66
-79 729
-78 275
-75 568
-74 570
-64 123
-55 658
-53 347
-52 576
-48 77
-47 62
-45 573
-42 63
-41 281
-40 733
-35 257
-31 787
-30 254
-27 174
-25 85
-22 539
-20 97
-19 800
-12 384
-8 194
-1 399
1 68
5 648
7 596
9 591
11 600
13 273
14 266
20 589
28 738
30 219
34 237
36 543
38 681
40 307
42 467
44 320
46 726
47 429
49 503
50 70
52 525
54 662
55 291
57 683
58 322
70 29
71 556
72 260
73 52
74 662
75 75
77 479
82 535
87 436
88 356
92 52
96 407
98 280
99 406
100 711
104 32
107 279
117 498
118 217
125 379
129 201
131 417
138 474
139 748
141 37
143 405
144 416
149 424
150 231
154 379
155 89
157 166
159 486
160 643
161 133
163 131
164 504
166 337
170 157
171 425
172 490
175 685
176 166
179 337
182 465
183 737
184 796
185 96
187 161
190 494
191 386
192 653
194 162
195 377
197 97
199 305
201 43
205 642
209 335
211 391
218 604
221 71
222 221
223 597
224 736
226 752
228 14
230 97
232 760
240 98
241 151
242 345
243 163
245 664
246 294
250 245
255 56
256 637
260 787
261 524
262 575
272 104
279 648
282 753
288 437
291 306
292 55
296 534
299 364
311 690
315 4
321 299
322 155
323 432
328 102
331 763
334 744
335 471
342 51
347 63
348 591
349 301
351 198
353 454
362 121
363 128
364 521
374 611
375 426
378 248
383 626
384 429
387 34
388 577
392 242
395 65
399 590
400 625
401 675
402 267
406 431
407 177
413 518
414 735
417 46
419 427
421 282
422 320
430 383
437 213
444 276
446 782
448 161
449 634
453 418
454 331
457 459
458 420
459 549
462 719
469 543
471 458
473 163
475 477
479 649
480 790
483 622
487 79
488 363
491 128
492 771
493 569
505 607
511 190
517 760
527 554
528 127
531 265
533 451
535 226
536 417
537 624
540 509
541 676
543 207
548 300
549 785
550 731
556 525
559 744
560 682
561 746
563 348
564 731
565 565
567 597
570 505
573 585
581 205
582 58
590 246
595 56
601 686
602 82
606 202
607 493
610 582
611 469
614 702
617 66
629 281
631 449
632 397
639 414
642 343
645 796
648 121
656 578
658 257
659 154
660 77
663 199
664 684
666 743
667 227
670 565
673 336
676 85
678 299
684 594
688 197
691 75
692 694
693 333
694 121
695 639
698 697
703 356
705 162
708 160
709 526
711 353
712 794
718 59
721 249
724 399
725 286
730 328
742 630
743 684
748 789
755 401
756 765
757 146
763 792
764 703
766 213
768 74
769 792
770 184
772 541
773 16
777 104
780 800
781 259
790 703
793 528
794 712
796 344
797 568
799 476
807 635
810 349
821 676
822 583
829 174
833 686
835 97
840 365
848 759
851 621
852 387
859 13
861 438
862 518
864 456
868 191
871 777
872 70
876 160
881 320
882 170
884 101
885 526
886 787
888 196
892 96
898 11
900 603
906 453
909 78
911 516
913 122
914 244
916 353
917 93
920 174
921 475
923 518
925 764
928 622
932 139
933 40
934 316
936 413
937 650
944 653
950 616
951 683
954 708
956 726
961 203
962 675
963 289
967 19
968 745
969 429
972 306
977 146
980 332
982 369
985 258
987 187
988 680
1003 273
1008 256
1010 368
1015 402
1017 365
1018 558
1021 212
1025 15
1026 78
1028 85
1029 761
1035 634
1043 122
1046 270
1051 344
1053 617
1054 301
1056 18
1057 195
1063 304
1070 280
1071 441
1075 16
1077 607
1081 365
1084 671
1086 624
1092 653
1096 640
1100 652
1107 658
1108 641
1113 128
1114 45
1115 523
1117 390
1118 794
1120 75
1121 210
1123 146
1131 705
1132 684
1133 272
1134 140
1135 290
1138 607
1142 371
1146 633
1149 433
1151 360
1154 112
1157 595
1158 731
1159 739
1161 410
1166 64
1169 205
1171 568
1173 391
1182 27
1185 186
1186 562
1195 675
1199 193
1200 28
1201 5
1208 570
1210 693
1211 629
1213 232
1214 681
1216 195
1220 701
1221 620
1224 314
1225 151
1227 372
1234 546
1239 151
1242 410
1243 675
1251 3
1252 460
1256 621
1257 353
1261 740
1263 780
1265 333
1266 181
1267 149
1271 219
1280 17
1284 125
1286 142
1293 233
1297 760
1305 683
1306 359
1310 311
1316 282
1320 39
1322 644
1326 133
1329 449
1348 780
1349 203
1356 153
1368 491
1373 161
1376 742
1378 720
1381 567
1384 800
1385 484
1388 651
1389 624
1390 397
1393 160
1394 404
1396 151
1398 707
1399 310
1403 479
1407 28
1408 187
1409 339
1410 563
1413 470
1415 702
1418 201
1420 219
1425 198
1431 707
1440 753
1446 191
1447 424
1455 221
1460 124
1465 154
1469 98
1471 602
1472 79
1473 723
1474 790
1476 272
1480 713
1481 725
1484 774
1485 614
1488 157
1491 106
1493 752
1495 500
1496 213
1498 78
1499 287
1500 118
