99 25
-500 7
-490 19
-480 13
-470 19
-460 15
-450 8
-440 12
-430 23
-420 18
-410 26
-400 28
-390 21
-380 5
-370 7
-360 20
-350 14
-340 2
-330 26
-320 11
-310 12
-300 26
-290 5
-280 11
-270 28
-260 12
-250 25
-240 17
-230 21
-220 4
-210 6
-200 29
-190 10
-180 29
-170 4
-160 16
-150 4
-140 9
-130 13
-120 21
-110 29
-100 29
-90 11
-80 13
-70 27
-60 14
-50 10
-40 23
-30 22
-20 5
-10 7
10 21
20 7
30 3
40 25
50 6
60 19
70 7
80 12
90 21
100 29
110 28
120 13
130 9
140 20
150 10
160 26
170 13
180 19
190 19
200 24
210 12
220 10
230 25
240 23
250 7
260 15
270 27
280 26
290 23
300 15
310 22
320 23
330 26
340 10
350 6
360 3
370 3
380 26
390 9
400 4
410 17
420 26
430 9
440 29
450 26
460 23
470 10
480 25
490 10
