1000 5
-1499 651
-1497 772
-1496 79
-1490 324
-1488 611
-1487 17
-1481 425
-1475 451
-1471 448
-1470 528
-1469 206
-1464 395
-1461 759
-1457 753
-1454 443
-1453 359
-1449 502
-1448 272
-1447 484
-1443 658
-1436 100
-1434 244
-1431 199
-1430 388
-1427 470
-1423 463
-1422 627
-1420 635
-1415 42
-1414 308
-1412 2
-1407 640
-1405 661
-1398 762
-1396 572
-1395 220
-1393 30
-1392 513
-1391 707
-1388 141
-1387 113
-1386 634
-1385 297
-1383 695
-1382 798
-1381 345
-1379 681
-1378 226
-1377 377
-1375 354
-1374 149
-1372 211
-1367 41
-1366 300
-1362 697
-1360 102
-1357 663
-1354 60
-1353 430
-1350 6
-1349 27
-1347 755
-1346 214
-1344 317
-1340 490
-1336 427
-1332 469
-1331 361
-1330 50
-1326 21
-1325 225
-1324 757
-1317 695
-1316 756
-1312 628
-1309 343
-1306 248
-1304 475
-1301 708
-1292 95
-1288 704
-1286 89
-1285 726
-1284 459
-1283 165
-1282 163
-1274 555
-1273 454
-1270 618
-1265 81
-1262 340
-1261 86
-1257 777
-1256 219
-1255 576
-1253 771
-1251 473
-1248 478
-1245 19
-1241 421
-1238 757
-1236 174
-1235 506
-1230 472
-1228 552
-1224 669
-1223 724
-1222 778
-1220 464
-1217 526
-1216 721
-1215 690
-1214 655
-1212 501
-1209 577
-1208 450
-1207 696
-1205 562
-1203 43
-1201 113
-1198 425
-1197 512
-1195 162
-1192 498
-1191 660
-1189 419
-1188 638
-1187 79
-1183 165
-1182 506
-1177 218
-1174 760
-1172 676
-1170 318
-1165 224
-1164 523
-1158 525
-1157 765
-1155 601
-1153 126
-1148 794
-1146 643
-1142 5
-1137 189
-1136 468
-1133 112
-1132 101
-1129 518
-1128 405
-1124 334
-1122 746
-1121 578
-1118 143
-1114 757
-1109 739
-1103 375
-1102 67
-1101 205
-1100 138
-1099 208
-1098 353
-1096 137
-1090 229
-1087 673
-1086 304
-1083 196
-1082 520
-1080 638
-1077 265
-1069 294
-1067 794
-1064 666
-1063 239
-1062 94
-1060 109
-1057 505
-1056 331
-1055 596
-1051 584
-1048 459
-1045 747
-1044 535
-1042 536
-1038 212
-1037 103
-1028 532
-1026 354
-1023 650
-1017 488
-1015 294
-1013 172
-1012 565
-1010 441
-1008 235
-1007 39
-1001 594
-1000 34
-994 680
-991 348
-990 672
-987 36
-985 286
-981 348
-979 317
-978 238
-969 484
-966 57
-963 470
-962 594
-961 40
-960 126
-957 599
-956 182
-954 720
-953 547
-950 709
-944 699
-943 205
-941 41
-940 545
-938 391
-936 520
-934 604
-933 380
-932 330
-930 731
-929 715
-926 453
-922 549
-920 544
-916 722
-912 79
-910 770
-906 439
-904 359
-902 288
-901 698
-891 313
-890 111
-889 712
-885 539
-884 442
-878 138
-877 210
-873 690
-869 767
-867 352
-865 72
-858 433
-857 511
-850 202
-848 723
-846 448
-839 314
-837 713
-836 702
-832 476
-825 528
-821 607
-820 52
-819 756
-813 535
-810 142
-809 749
-802 516
-800 391
-797 190
-796 227
-794 648
-785 528
-779 1
-778 374
-777 408
-770 137
-768 508
-765 413
-758 359
-754 452
-752 221
-751 339
-749 587
-748 549
-744 101
-743 74
-737 367
-736 654
-733 335
-732 622
-724 306
-717 357
-716 60
-713 131
-706 556
-702 697
-693 126
-686 331
-684 549
-683 423
-678 125
-669 652
-667 318
-662 144
-661 36
-655 180
-654 134
-653 225
-652 284
-651 780
-649 352
-635 49
-634 572
-628 66
-622 761
-613 54
-607 358
-605 147
-604 797
-595 380
-594 538
-592 441
-589 249
-586 560
-583 542
-580 316
-579 442
-575 106
-573 152
-569 676
-567 506
-562 540
-559 310
-555 588
-554 521
-552 343
-549 586
-535 783
-534 686
-532 439
-531 755
-529 225
-528 99
-525 730
-524 542
-516 126
-514 542
-513 49
-511 541
-510 483
-509 664
-506 598
-505 93
-503 298
-501 417
-497 111
-496 568
-491 497
-490 26
-483 118
-481 720
-480 599
-479 539
-478 90
-474 681
-470 730
-468 368
-462 705
-458 204
-456 192
-455 77
-453 532
-451 209
-447 158
-440 339
-439 374
-438 141
-437 43
-436 503
-433 732
-431 193
-426 571
-424 690
-423 426
-420 209
-419 401
-417 763
-409 294
-402 344
-398 404
-395 420
-394 541
-393 627
-386 261
-385 113
-383 630
-379 758
-377 707
-375 656
-372 579
-367 564
-360 154
-356 593
-354 565
-351 800
-350 687
-349 671
-340 407
-338 193
-336 97
-334 428
-330 342
-329 602
-323 666
-322 121
-318 793
-316 217
-314 332
-311 468
-308 401
-302 565
-297 794
-293 403
-281 350
-277 439
-276 542
-274 547
-272 352
-269 526
-264 517
-263 302
-262 424
-259 728
-254 625
-247 217
-240 115
-239 630
-238 44
-228 170
-227 485
-225 333
-224 116
-222 501
-220 755
-217 309
-216 76
-215 535
-210 597
-205 252
-201 199
-200 102
-198 152
-197 550
-193 638
-190 394
-181 243
-176 628
-171 255
-169 759
-167 353
-161 380
-160 39
-159 264
-157 709
-156 356
-155 31
-153 13
-150 396
-149 698
-147 562
-141 607
-140 15
-137 148
-132 724
-128 535
-124 564
-123 297
-122 728
-119 520
-118 251
-117 135
-115 158
-114 350
-112 621
-111 406
-104 549
-101 504
-84 696
-79 366
-68 163
-66 499
-65 589
-63 469
-61 357
-58 12
-57 352
-55 590
-52 361
-48 112
-47 249
-46 754
-45 192
-43 4
-42 467
-41 139
-37 451
-33 307
-31 283
-27 331
-20 96
-18 345
-17 318
-16 571
-15 507
-13 641
-10 295
-7 573
-4 505
-1 418
1 63
3 661
9 654
13 191
22 337
27 488
28 557
30 148
39 515
43 536
45 582
47 160
48 572
50 432
51 307
53 266
56 20
63 616
64 244
65 19
74 202
77 356
78 425
79 785
80 510
83 622
84 452
88 516
91 219
96 85
99 453
103 601
105 292
106 628
109 253
110 576
113 509
118 68
124 521
129 500
130 321
131 463
134 429
139 354
142 774
149 591
152 292
155 57
159 47
161 87
170 322
185 268
187 72
190 79
194 581
197 669
198 164
201 757
207 20
213 454
217 170
228 611
229 231
230 196
232 345
233 47
235 10
239 68
240 643
243 9
245 179
251 643
253 572
265 721
267 72
268 364
269 606
271 231
273 467
275 591
284 727
290 435
301 294
303 750
311 268
313 760
314 597
315 546
318 542
319 388
322 99
327 675
328 51
336 656
339 496
340 134
345 303
348 495
349 761
353 691
354 276
356 765
359 221
361 237
362 351
364 372
369 641
373 697
376 340
378 367
382 620
388 219
390 85
393 179
394 575
395 401
402 238
405 452
410 608
415 530
417 712
419 590
421 345
422 691
424 342
425 89
427 180
429 522
430 456
436 631
439 747
453 600
454 440
457 327
459 789
461 318
462 424
463 91
464 475
465 460
468 278
473 579
474 247
480 154
481 162
488 404
489 589
492 58
493 11
495 405
500 386
501 765
502 584
506 93
507 438
509 51
510 133
511 717
518 586
520 509
521 500
522 548
529 570
536 213
541 538
545 291
551 155
558 390
560 262
562 580
565 625
566 362
568 1
569 697
570 209
574 756
576 519
579 496
580 25
583 382
584 769
586 542
592 283
602 701
606 728
607 746
608 506
610 503
612 95
614 504
617 624
621 461
622 253
626 12
627 691
633 110
636 464
645 784
646 50
649 87
651 396
652 793
656 445
657 389
662 626
664 679
665 314
666 629
668 31
669 49
677 431
678 51
684 3
685 511
691 80
693 258
696 484
697 630
702 152
705 50
707 683
710 10
713 545
721 736
725 159
726 631
727 214
730 53
737 212
738 421
741 249
743 75
745 379
748 362
749 128
750 709
753 332
756 667
760 261
762 379
764 195
767 325
768 58
769 31
771 188
775 142
776 480
782 637
788 215
789 267
792 303
794 653
795 135
804 334
807 96
810 287
812 796
814 187
815 153
816 32
820 301
822 392
825 107
827 591
831 352
834 512
843 478
845 404
847 637
849 282
850 288
856 218
857 618
861 478
864 498
867 206
869 531
870 730
872 454
873 429
874 645
881 705
883 351
886 282
890 748
891 318
892 459
894 241
896 85
899 498
900 618
905 340
912 706
915 591
916 596
920 753
922 225
923 39
926 605
935 407
936 690
938 340
945 176
947 761
949 432
951 383
955 333
956 732
959 694
961 777
965 252
966 439
967 737
968 600
983 353
988 375
995 658
1004 488
1008 458
1020 673
1021 746
1023 739
1025 371
1026 299
1029 611
1030 177
1032 774
1037 440
1041 182
1043 561
1047 145
1048 572
1052 489
1061 758
1063 625
1069 141
1070 302
1075 372
1076 625
1078 367
1082 31
1084 768
1085 133
1086 352
1087 522
1091 407
1094 517
1095 374
1103 328
1106 263
1107 791
1110 310
1112 455
1114 533
1115 78
1123 211
1124 467
1130 591
1131 594
1135 469
1136 388
1139 264
1143 12
1145 674
1155 320
1157 141
1160 160
1165 257
1169 211
1170 134
1171 301
1173 465
1180 91
1184 355
1185 196
1186 697
1189 35
1190 111
1193 375
1194 524
1202 379
1205 618
1206 172
1208 387
1210 376
1211 324
1213 490
1215 511
1216 759
1220 15
1221 535
1222 714
1224 408
1226 52
1227 278
1228 637
1230 359
1233 502
1235 345
1237 108
1238 787
1240 216
1241 577
1243 187
1244 560
1246 540
1250 773
1251 569
1257 336
1259 696
1260 153
1262 773
1266 732
1267 422
1268 678
1273 156
1274 743
1276 102
1278 17
1280 375
1282 474
1290 52
1293 354
1296 103
1299 66
1300 119
1304 697
1311 28
1313 138
1317 417
1320 48
1324 445
1327 752
1328 107
1330 136
1333 187
1335 668
1337 227
1339 48
1342 775
1347 478
1348 212
1350 511
1351 128
1356 175
1358 199
1363 213
1372 96
1374 427
1375 395
1389 339
1400 49
1401 626
1409 302
1411 372
1412 605
1413 144
1414 399
1418 792
1425 427
1429 474
1430 409
1435 524
1437 241
1439 764
1442 449
1443 304
1445 12
1447 647
1450 69
1461 745
1463 475
1464 634
1465 160
1468 560
1473 583
1474 20
1478 195
1484 658
1487 637
1492 342
1495 253
1499 496
