1000 1
-1500 408
-1499 482
-1498 468
-1496 8
-1486 778
-1485 413
-1484 253
-1481 303
-1477 620
-1475 494
-1473 285
-1466 150
-1464 101
-1458 702
-1456 608
-1455 554
-1452 726
-1451 17
-1449 275
-1446 355
-1445 513
-1444 180
-1442 264
-1441 570
-1435 698
-1434 767
-1432 430
-1430 572
-1426 762
-1425 325
-1424 351
-1420 797
-1419 428
-1416 680
-1414 762
-1413 387
-1411 444
-1408 107
-1407 137
-1403 669
-1394 492
-1391 461
-1390 73
-1386 156
-1380 480
-1375 487
-1373 336
-1372 269
-1369 294
-1364 118
-1361 280
-1360 392
-1358 141
-1355 554
-1352 800
-1345 47
-1341 415
-1339 123
-1334 571
-1329 709
-1328 38
-1326 426
-1325 551
-1315 794
-1313 148
-1309 456
-1308 584
-1307 571
-1304 379
-1302 322
-1301 743
-1299 381
-1293 200
-1289 777
-1286 762
-1283 198
-1281 204
-1278 613
-1275 177
-1274 338
-1270 52
-1269 522
-1266 558
-1265 466
-1262 134
-1259 761
-1254 117
-1251 322
-1247 68
-1246 366
-1243 69
-1241 776
-1235 541
-1231 752
-1222 154
-1221 251
-1220 627
-1213 263
-1212 413
-1207 135
-1206 547
-1197 220
-1194 253
-1191 501
-1188 292
-1187 514
-1185 739
-1181 123
-1178 221
-1177 135
-1176 460
-1174 673
-1172 680
-1169 565
-1168 686
-1165 272
-1163 105
-1162 339
-1158 375
-1153 632
-1140 370
-1138 703
-1137 407
-1133 152
-1132 207
-1131 580
-1130 52
-1129 453
-1128 459
-1127 788
-1126 463
-1121 459
-1119 690
-1116 757
-1115 641
-1114 367
-1111 265
-1109 415
-1107 708
-1105 508
-1099 376
-1096 561
-1095 773
-1091 114
-1089 334
-1082 400
-1075 220
-1073 532
-1072 465
-1064 744
-1062 768
-1060 612
-1051 649
-1043 349
-1028 21
-1022 376
-1017 222
-1016 792
-1014 441
-1013 549
-1010 361
-1007 575
-1006 486
-1005 732
-1000 732
-999 490
-998 248
-995 9
-991 192
-990 245
-989 300
-988 379
-987 654
-986 56
-984 58
-983 181
-982 336
-973 654
-971 538
-966 433
-962 343
-961 559
-960 488
-959 429
-956 137
-955 279
-951 300
-949 422
-945 782
-937 85
-930 497
-927 763
-918 216
-912 646
-905 377
-902 491
-901 79
-900 540
-899 264
-897 104
-892 607
-889 23
-888 158
-879 735
-866 568
-864 757
-863 596
-861 322
-860 151
-858 207
-856 644
-850 300
-849 268
-844 77
-840 51
-835 237
-833 33
-828 109
-822 422
-821 639
-817 572
-813 721
-812 92
-809 532
-807 16
-804 450
-802 798
-799 184
-797 120
-796 498
-795 134
-794 600
-791 305
-787 343
-783 450
-782 571
-781 124
-780 204
-778 333
-774 514
-773 638
-769 555
-764 468
-762 650
-756 50
-755 96
-751 613
-745 575
-742 700
-736 307
-734 574
-731 402
-730 91
-729 773
-727 638
-725 338
-724 768
-723 137
-721 517
-715 198
-712 563
-709 400
-707 128
-704 471
-703 102
-702 468
-698 93
-693 129
-690 44
-685 243
-682 26
-680 117
-677 756
-674 626
-670 625
-666 363
-652 372
-651 370
-648 779
-646 765
-643 770
-641 386
-639 789
-635 343
-631 791
-624 59
-612 560
-609 530
-604 181
-602 578
-600 307
-596 584
-595 368
-586 464
-583 465
-581 716
-574 397
-573 701
-572 345
-571 492
-568 186
-564 629
-558 287
-557 740
-555 513
-554 709
-553 727
-552 464
-551 191
-546 591
-541 216
-539 340
-538 607
-537 390
-536 222
-535 455
-529 643
-528 300
-522 334
-520 295
-518 434
-516 378
-515 217
-513 799
-510 752
-508 661
-502 363
-496 768
-491 346
-490 217
-485 581
-481 644
-480 137
-478 367
-477 630
-468 129
-467 458
-463 141
-461 582
-459 756
-457 86
-452 472
-451 360
-450 422
-446 574
-445 356
-443 24
-442 79
-440 622
-439 328
-437 222
-433 42
-429 100
-419 625
-418 254
-417 606
-416 407
-415 626
-412 645
-411 36
-405 221
-404 115
-400 225
-397 561
-396 174
-394 763
-388 757
-384 704
-383 786
-382 436
-379 216
-377 600
-376 26
-374 434
-368 334
-364 753
-363 577
-359 713
-356 218
-354 279
-341 361
-337 385
-334 415
-330 779
-326 113
-325 770
-320 169
-318 28
-317 620
-314 500
-312 416
-310 417
-302 444
-301 591
-300 191
-299 597
-296 629
-295 454
-291 127
-283 41
-281 331
-278 474
-276 3
-272 445
-266 649
-265 191
-261 70
-259 449
-255 191
-254 571
-252 372
-251 81
-250 603
-248 739
-242 574
-237 446
-236 579
-232 595
-224 402
-223 632
-220 209
-215 77
-213 270
-212 742
-211 654
-203 345
-202 707
-199 571
-196 670
-193 134
-188 489
-187 181
-186 515
-185 121
-178 577
-174 71
-166 81
-164 624
-163 232
-162 27
-161 500
-158 214
-157 611
-156 566
-153 585
-140 247
-135 235
-130 507
-122 56
-117 433
-113 201
-110 477
-109 22
-104 529
-102 347
-99 436
-96 414
-93 273
-91 583
-90 669
-81 204
-73 640
-70 351
-69 771
-65 53
-63 676
-61 14
-54 642
-52 330
-51 229
-49 438
-46 500
-39 300
-35 81
-34 733
-30 603
-28 422
-25 797
-24 757
-22 441
-21 177
-16 355
-9 206
-6 799
-5 752
7 351
9 228
11 405
15 125
26 216
37 163
39 81
44 533
46 683
49 422
54 515
55 647
59 710
60 772
61 131
63 347
70 674
76 189
79 188
80 185
81 122
83 587
85 770
90 612
92 272
94 324
95 331
96 686
101 722
102 586
103 601
105 722
109 370
110 245
112 430
113 767
115 268
121 462
127 55
129 82
135 332
136 234
145 92
147 390
148 592
150 453
154 529
156 667
160 82
161 797
164 233
167 553
169 308
174 335
175 226
182 91
183 674
184 283
189 770
195 568
198 269
201 310
202 43
206 345
209 274
212 304
217 395
221 786
222 221
224 337
225 463
228 305
230 187
239 247
240 609
242 724
243 376
244 335
245 26
246 492
247 331
249 715
250 488
252 311
255 41
259 763
260 556
266 162
268 200
271 605
275 605
276 477
277 613
279 158
289 418
293 224
294 336
297 662
298 456
300 724
308 52
312 67
313 688
314 551
315 680
317 442
318 147
319 655
324 462
325 704
326 264
328 412
332 270
333 761
334 159
335 467
338 83
340 582
342 211
345 392
346 588
353 742
359 781
365 98
368 331
371 582
372 663
373 509
381 208
382 406
385 371
389 320
391 242
392 260
393 555
395 541
399 45
400 700
403 307
405 22
408 322
416 583
425 325
428 383
429 213
433 718
438 325
440 436
447 254
448 563
454 106
457 627
458 63
460 171
462 344
465 742
466 603
467 459
471 471
474 719
481 565
483 674
484 207
485 363
486 312
489 61
494 586
495 151
496 652
500 73
501 129
503 483
511 298
513 757
519 399
520 324
521 301
528 533
531 210
534 344
535 389
537 36
540 34
541 204
545 494
549 72
550 721
553 211
556 344
557 753
558 343
562 65
569 216
571 741
575 593
576 34
581 654
585 118
587 798
589 100
591 427
594 371
599 98
601 148
604 695
605 435
606 749
608 53
617 489
618 424
625 171
630 543
636 55
642 770
644 228
649 106
651 40
654 449
657 651
667 18
668 448
669 558
672 77
673 82
675 451
676 800
682 278
686 737
689 392
691 791
692 132
693 299
694 697
697 617
698 398
699 707
700 228
707 297
709 180
711 531
712 381
726 322
728 372
730 217
734 430
735 114
738 617
740 269
751 747
752 263
758 140
759 30
761 503
766 421
768 405
773 210
778 652
782 547
785 204
786 323
790 391
793 668
795 417
797 504
798 567
799 320
800 441
801 276
802 176
807 365
808 383
815 427
821 600
824 268
834 649
835 246
839 220
842 465
847 98
848 371
851 151
853 270
861 793
865 110
866 431
867 321
869 488
880 564
881 764
883 647
884 402
890 639
891 203
892 513
893 680
900 11
904 454
905 735
908 800
910 441
911 125
912 621
914 596
916 794
917 224
919 446
920 719
921 631
922 301
933 709
934 43
936 546
938 504
939 710
943 468
945 514
946 575
948 455
950 472
955 352
957 102
959 783
965 364
970 476
971 295
974 33
979 800
980 476
986 536
988 324
990 682
993 148
995 612
1000 569
1001 51
1002 183
1006 244
1007 716
1008 546
1009 205
1023 362
1028 34
1032 56
1035 202
1038 385
1040 791
1042 107
1047 18
1049 179
1054 279
1057 498
1063 194
1067 592
1070 481
1071 630
1073 519
1078 354
1080 238
1083 9
1084 194
1090 499
1091 724
1098 415
1101 591
1105 446
1108 406
1113 710
1116 495
1118 239
1119 688
1120 661
1121 66
1124 561
1133 312
1137 263
1138 301
1142 767
1145 10
1147 44
1149 324
1154 603
1155 617
1157 254
1163 151
1168 495
1170 573
1171 50
1172 127
1180 736
1181 465
1182 650
1183 656
1186 187
1188 366
1190 274
1195 380
1198 657
1200 674
1204 152
1211 799
1217 195
1218 404
1223 257
1226 22
1227 340
1228 319
1231 623
1232 698
1238 535
1239 473
1240 311
1243 592
1245 473
1246 13
1247 86
1248 433
1253 711
1255 692
1256 757
1257 779
1260 552
1263 670
1267 725
1268 35
1273 389
1275 451
1277 585
1278 335
1281 214
1283 551
1286 665
1288 348
1289 766
1291 311
1298 106
1300 753
1305 674
1306 272
1307 190
1311 520
1315 627
1321 1
1322 545
1325 529
1330 640
1332 717
1334 84
1337 120
1338 461
1339 202
1343 711
1346 583
1348 397
1350 78
1353 150
1358 753
1362 438
1364 245
1367 151
1368 697
1371 195
1375 684
1376 44
1378 751
1379 525
1386 519
1393 714
1394 337
1395 680
1396 698
1400 535
1401 711
1406 188
1408 126
1409 189
1410 224
1413 752
1414 570
1415 159
1416 465
1417 203
1419 373
1423 378
1426 79
1432 447
1435 574
1445 667
1446 585
1447 43
1448 72
1450 382
1451 112
1455 375
1458 480
1459 633
1461 778
1463 194
1465 698
1466 650
1467 261
1469 650
1470 706
1472 657
1473 793
1481 799
1482 620
1485 458
1486 219
1489 50
1491 670
1494 303
1496 440
1497 471
1498 492
1499 189
