4000
897600 0
897600 3
350791 2
350791 0
436563 1
436563 3
995278 1
995278 0
912902 3
912902 0
98175 3
98175 0
957578 0
957578 3
623866 3
623866 2
335815 2
335815 3
525093 0
525093 3
410477 2
410477 0
544778 2
544778 1
696676 2
696676 3
445259 1
445259 0
370859 2
370859 0
71581 3
71581 0
778202 0
778202 2
958871 1
958871 3
354987 2
354987 1
721647 3
721647 2
610262 2
610262 0
317110 3
317110 1
454462 2
454462 0
534389 0
534389 1
29210 3
29210 1
806306 2
806306 1
476213 3
476213 0
565899 1
565899 2
53067 3
53067 0
768348 3
768348 2
408015 3
408015 0
652315 3
652315 1
232880 1
232880 2
84503 2
84503 3
394636 2
394636 1
999301 2
999301 0
399657 3
399657 2
69456 3
69456 0
952720 2
952720 3
251144 2
251144 0
852382 1
852382 3
126917 2
126917 3
629825 1
629825 2
441412 2
441412 0
319879 0
319879 2
390112 1
390112 2
758362 1
758362 0
138791 3
138791 1
873186 3
873186 2
437799 3
437799 0
496304 1
496304 3
324108 1
324108 3
317016 2
317016 1
536993 1
536993 0
765281 3
765281 2
94842 3
94842 2
796657 3
796657 0
600023 2
600023 3
849918 2
849918 1
297893 3
297893 1
280576 0
280576 3
276845 1
276845 3
580945 1
580945 2
561271 2
561271 0
963382 2
963382 3
645242 2
645242 0
105588 1
105588 3
247873 1
247873 2
554829 2
554829 0
369120 1
369120 2
631139 0
631139 1
543043 0
543043 1
688696 3
688696 1
14569 1
14569 3
75037 0
75037 1
963220 0
963220 2
801220 3
801220 1
136708 0
136708 2
805047 3
805047 2
199934 3
199934 2
592236 1
592236 2
398528 1
398528 2
554796 3
554796 1
377582 3
377582 2
694318 2
694318 1
620755 1
620755 3
591059 2
591059 3
707577 0
707577 2
195382 1
195382 2
163669 2
163669 1
714978 2
714978 3
128213 2
128213 3
442729 1
442729 0
573657 3
573657 0
369045 1
369045 0
700300 0
700300 3
405967 0
405967 1
869468 1
869468 3
46877 2
46877 3
638947 2
638947 3
442813 0
442813 2
335967 1
335967 2
312162 1
312162 3
232826 3
232826 0
213362 2
213362 1
478796 2
478796 3
749619 3
749619 1
261678 1
261678 0
109834 2
109834 0
199813 1
199813 2
604727 2
604727 3
118548 0
118548 1
274630 1
274630 0
162174 3
162174 0
231126 1
231126 3
237286 2
237286 3
13737 2
13737 1
605890 0
605890 1
213059 2
213059 3
141258 0
141258 1
611829 3
611829 1
849028 0
849028 1
124786 0
124786 1
911259 2
911259 0
276205 0
276205 2
219941 3
219941 0
291591 0
291591 1
266631 2
266631 0
103132 1
103132 0
564194 2
564194 0
349214 1
349214 2
6472 1
6472 3
187423 3
187423 1
575366 0
575366 1
141633 0
141633 2
522441 1
522441 0
543540 3
543540 1
711844 2
711844 0
31625 1
31625 0
701910 0
701910 3
78974 0
78974 1
247081 2
247081 1
396655 0
396655 3
785914 3
785914 0
711632 1
711632 0
585246 2
585246 0
540981 1
540981 2
388305 2
388305 3
96388 2
96388 3
421209 3
421209 0
880584 3
880584 1
756722 3
756722 2
47404 1
47404 3
591536 2
591536 3
704538 1
704538 0
980475 3
980475 0
428979 0
428979 2
596267 2
596267 1
559328 2
559328 0
416118 0
416118 3
138799 0
138799 2
873694 1
873694 2
633856 2
633856 3
72405 3
72405 2
84868 2
84868 1
909046 1
909046 3
316689 1
316689 2
967816 2
967816 0
169040 1
169040 2
165110 3
165110 2
695965 1
695965 2
553884 0
553884 3
840649 1
840649 2
917167 3
917167 2
853580 1
853580 3
319836 0
319836 2
976911 2
976911 3
497844 1
497844 0
193857 0
193857 2
803983 2
803983 0
19542 3
19542 2
937115 0
937115 3
262592 2
262592 3
604827 0
604827 1
987504 3
987504 0
309724 3
309724 2
458215 3
458215 1
349335 1
349335 3
556827 3
556827 1
837662 0
837662 1
514635 3
514635 2
874344 0
874344 3
957825 2
957825 3
265754 2
265754 3
967942 3
967942 2
837895 1
837895 3
666912 0
666912 1
197627 1
197627 0
760355 0
760355 2
773620 1
773620 2
170156 2
170156 1
380877 1
380877 2
235641 3
235641 2
10693 3
10693 0
463251 1
463251 3
944310 0
944310 2
562708 0
562708 2
721570 3
721570 2
148534 0
148534 1
879431 1
879431 2
38701 0
38701 2
178519 3
178519 1
337312 3
337312 0
623902 2
623902 1
530205 2
530205 3
917957 2
917957 0
96028 1
96028 3
676949 2
676949 3
320668 2
320668 1
201252 3
201252 2
164688 1
164688 0
95809 3
95809 0
907256 2
907256 0
71988 1
71988 2
959651 1
959651 3
179395 0
179395 3
234309 3
234309 1
612556 1
612556 0
784477 2
784477 1
532964 2
532964 3
811540 0
811540 2
100337 0
100337 3
221891 3
221891 0
644116 0
644116 2
135737 1
135737 0
60255 2
60255 3
510865 0
510865 3
108231 3
108231 2
833458 2
833458 3
132699 3
132699 2
558125 1
558125 0
706332 2
706332 0
464966 2
464966 0
936010 1
936010 2
127061 1
127061 2
876631 2
876631 3
356658 2
356658 3
189502 1
189502 0
61973 1
61973 0
557622 3
557622 1
838452 2
838452 0
246229 2
246229 1
818781 0
818781 1
946490 1
946490 0
323997 1
323997 3
573756 3
573756 2
843779 1
843779 3
362020 3
362020 0
272128 2
272128 3
114143 1
114143 0
660251 3
660251 1
606553 2
606553 1
50919 2
50919 0
14489 2
14489 1
472882 3
472882 0
878309 0
878309 1
988636 1
988636 2
580864 1
580864 3
757040 0
757040 3
57956 1
57956 3
782303 2
782303 3
570580 0
570580 2
450638 1
450638 2
442930 2
442930 0
436048 1
436048 3
285108 2
285108 3
41920 1
41920 2
401833 3
401833 1
472516 0
472516 3
564955 3
564955 2
17497 3
17497 1
197232 2
197232 0
328339 0
328339 3
403432 1
403432 2
637703 0
637703 2
772220 2
772220 1
674395 1
674395 0
453516 1
453516 3
67009 1
67009 0
43322 3
43322 1
262351 1
262351 2
413424 3
413424 0
577282 2
577282 0
103561 2
103561 0
193056 0
193056 2
155874 1
155874 0
770157 1
770157 0
570545 0
570545 1
150061 0
150061 3
881677 0
881677 3
81405 3
81405 2
937403 1
937403 3
875825 2
875825 0
352623 2
352623 1
277424 2
277424 3
529320 2
529320 1
398000 2
398000 0
312050 1
312050 2
362754 1
362754 3
698887 2
698887 0
484689 2
484689 0
410816 3
410816 2
61427 0
61427 2
529752 1
529752 2
385594 3
385594 0
509965 0
509965 3
482108 3
482108 0
936856 1
936856 2
910094 0
910094 1
598738 2
598738 1
774603 1
774603 0
713428 2
713428 3
389932 1
389932 2
388041 1
388041 0
258442 0
258442 3
265668 0
265668 2
560654 3
560654 2
575 1
575 0
222503 1
222503 3
744276 2
744276 0
359369 0
359369 1
284258 0
284258 2
198946 3
198946 2
350950 0
350950 2
146175 1
146175 2
368140 1
368140 2
886970 1
886970 2
789992 3
789992 0
547843 3
547843 2
734212 0
734212 3
874735 1
874735 2
162763 3
162763 2
417525 3
417525 1
991058 1
991058 0
811051 1
811051 0
464257 3
464257 1
847650 2
847650 0
111209 0
111209 2
480221 3
480221 1
789483 1
789483 0
247599 3
247599 0
75052 2
75052 1
783621 3
783621 2
701981 2
701981 3
549479 1
549479 2
18105 0
18105 2
773047 2
773047 1
48556 0
48556 2
319036 2
319036 3
962045 2
962045 3
364926 0
364926 1
3752 2
3752 3
14322 2
14322 3
288939 1
288939 0
838207 2
838207 3
407026 0
407026 3
156844 3
156844 1
756939 1
756939 0
945542 0
945542 2
535445 0
535445 1
741106 2
741106 3
909424 2
909424 1
771286 0
771286 3
898613 0
898613 2
118021 3
118021 0
468808 3
468808 0
820236 2
820236 3
74510 2
74510 1
981678 2
981678 3
735177 0
735177 2
276888 3
276888 1
590159 3
590159 0
547303 3
547303 2
638771 2
638771 0
882042 1
882042 2
221172 0
221172 3
638806 3
638806 0
104745 1
104745 0
263836 3
263836 0
698610 0
698610 1
73590 2
73590 0
201737 3
201737 0
500736 2
500736 1
267744 0
267744 2
5024 0
5024 1
32504 1
32504 2
237852 3
237852 1
63449 3
63449 0
205189 3
205189 1
641048 3
641048 0
220887 0
220887 1
588778 2
588778 3
364550 2
364550 1
179254 1
179254 0
405483 3
405483 0
947764 1
947764 0
470767 0
470767 3
933741 2
933741 0
677645 3
677645 1
484137 3
484137 2
195836 1
195836 3
154724 0
154724 1
659732 0
659732 3
42163 3
42163 2
761803 0
761803 3
700353 1
700353 3
674856 2
674856 3
551652 3
551652 1
598321 3
598321 1
262792 0
262792 3
576573 3
576573 0
388591 1
388591 2
477796 0
477796 1
885597 1
885597 2
575660 1
575660 2
556919 0
556919 3
146006 1
146006 0
924675 3
924675 2
463933 0
463933 2
945563 0
945563 1
717274 0
717274 1
858213 2
858213 3
639098 1
639098 3
493787 0
493787 3
208298 2
208298 3
892271 3
892271 1
273034 3
273034 2
720900 1
720900 0
595512 0
595512 3
250878 2
250878 1
275782 2
275782 0
78385 2
78385 0
687892 0
687892 3
714075 2
714075 3
317834 3
317834 1
844479 2
844479 3
759360 0
759360 3
488968 3
488968 0
272274 1
272274 2
443432 3
443432 0
707818 0
707818 1
738070 2
738070 3
125040 1
125040 3
286862 1
286862 2
862850 3
862850 1
131330 1
131330 2
866165 0
866165 3
112379 2
112379 3
207483 3
207483 1
240600 0
240600 3
558619 1
558619 2
398548 2
398548 0
62998 0
62998 3
335588 1
335588 2
430781 0
430781 1
740391 3
740391 1
814173 1
814173 0
729583 0
729583 1
934395 1
934395 2
38687 2
38687 1
96065 1
96065 2
422345 1
422345 3
892447 2
892447 0
646664 1
646664 3
660003 2
660003 3
115786 3
115786 2
447145 1
447145 2
529282 2
529282 0
983524 3
983524 2
20053 0
20053 1
495685 1
495685 3
846410 0
846410 2
898635 0
898635 3
370706 2
370706 1
327026 2
327026 3
946151 0
946151 3
466457 2
466457 0
867987 1
867987 3
52626 1
52626 3
680973 3
680973 2
952106 0
952106 2
79889 2
79889 0
616049 0
616049 1
887308 2
887308 3
916491 3
916491 1
181969 1
181969 0
871861 0
871861 2
557946 0
557946 3
496882 3
496882 0
802812 3
802812 0
433350 1
433350 0
474747 3
474747 1
884103 3
884103 1
947134 3
947134 2
749731 1
749731 0
411832 3
411832 2
94188 0
94188 1
261585 2
261585 1
498620 2
498620 0
824149 2
824149 1
213846 2
213846 0
879062 3
879062 0
330405 1
330405 3
558592 0
558592 1
353456 1
353456 0
889876 0
889876 2
719118 0
719118 1
643216 2
643216 0
356858 2
356858 3
758767 0
758767 3
63141 0
63141 2
759558 1
759558 0
341965 0
341965 2
237660 2
237660 0
479632 3
479632 0
858877 1
858877 0
179064 3
179064 2
303656 0
303656 2
824670 3
824670 1
525749 3
525749 0
474355 0
474355 2
499506 2
499506 3
40706 3
40706 0
824919 0
824919 1
620691 0
620691 1
100215 3
100215 1
500545 1
500545 2
139845 2
139845 0
558345 2
558345 1
747750 0
747750 2
310387 0
310387 1
567015 2
567015 3
856700 3
856700 0
944088 2
944088 1
815760 3
815760 0
95799 1
95799 2
122200 2
122200 0
870466 3
870466 1
720018 3
720018 0
138562 3
138562 1
813247 2
813247 1
48444 2
48444 1
436000 0
436000 1
338711 0
338711 2
98017 0
98017 1
113567 3
113567 2
336763 1
336763 2
178352 0
178352 3
912315 1
912315 0
284066 1
284066 2
306669 3
306669 2
536555 2
536555 0
98369 3
98369 1
250592 2
250592 1
523700 2
523700 0
229015 1
229015 3
486690 0
486690 1
661702 3
661702 1
414918 2
414918 0
606196 2
606196 0
136611 1
136611 0
61696 2
61696 0
434801 1
434801 2
204856 2
204856 0
635592 1
635592 3
145848 0
145848 1
618229 2
618229 0
253230 1
253230 2
998199 0
998199 2
589381 1
589381 0
775758 1
775758 2
786751 3
786751 1
787821 3
787821 1
8585 3
8585 0
106293 1
106293 2
128498 1
128498 0
147009 0
147009 2
121848 2
121848 0
332075 3
332075 0
267135 1
267135 0
45389 3
45389 2
449169 0
449169 3
372098 2
372098 0
32077 1
32077 2
401421 3
401421 1
168739 2
168739 3
725069 3
725069 2
703447 3
703447 2
107621 3
107621 1
285597 0
285597 1
720898 3
720898 2
939689 0
939689 1
589437 1
589437 0
22440 1
22440 3
901695 3
901695 1
416885 3
416885 0
929212 0
929212 3
622789 1
622789 3
247741 0
247741 1
540334 1
540334 3
540639 0
540639 3
666630 0
666630 3
493279 2
493279 1
515266 3
515266 2
600200 2
600200 3
910237 3
910237 1
85549 2
85549 3
93152 1
93152 3
407339 0
407339 2
101137 0
101137 2
25958 2
25958 3
133514 1
133514 3
648656 3
648656 0
760968 3
760968 1
42651 3
42651 1
688344 3
688344 0
165823 2
165823 1
71436 1
71436 0
638576 0
638576 2
411252 2
411252 3
87797 3
87797 1
608263 1
608263 3
543239 1
543239 3
581243 2
581243 1
160292 2
160292 3
376932 2
376932 1
558725 2
558725 1
88614 0
88614 2
119687 0
119687 3
723171 0
723171 1
359762 3
359762 2
995562 2
995562 0
266888 0
266888 2
408840 3
408840 0
982267 0
982267 1
730925 0
730925 2
206682 3
206682 1
839196 3
839196 1
49323 3
49323 2
39764 3
39764 2
669099 1
669099 2
922575 1
922575 3
650903 0
650903 3
337846 2
337846 0
153091 3
153091 2
949573 1
949573 2
593511 0
593511 3
651599 3
651599 0
885668 2
885668 1
384872 1
384872 3
296439 0
296439 1
352833 3
352833 0
952640 3
952640 0
292732 1
292732 0
571967 0
571967 3
490917 2
490917 1
507430 2
507430 1
278279 0
278279 1
317895 3
317895 2
606962 0
606962 1
783438 0
783438 1
808185 0
808185 3
413983 3
413983 2
658906 2
658906 3
865366 2
865366 0
653196 2
653196 0
773187 3
773187 0
114497 1
114497 0
95625 1
95625 0
108750 2
108750 0
545539 3
545539 2
738968 0
738968 1
604172 1
604172 0
75251 1
75251 3
859616 1
859616 2
516515 1
516515 0
129573 1
129573 0
848889 2
848889 3
922554 3
922554 0
147695 1
147695 2
992399 1
992399 3
845273 3
845273 1
518388 1
518388 3
920980 3
920980 2
511533 3
511533 1
351654 0
351654 2
664710 3
664710 1
578745 3
578745 1
206907 3
206907 2
882215 2
882215 0
176391 3
176391 0
814187 1
814187 0
926159 1
926159 2
611406 3
611406 2
845970 2
845970 3
716701 3
716701 1
355621 0
355621 1
635478 1
635478 3
951464 3
951464 2
238212 1
238212 3
443007 3
443007 1
753148 0
753148 3
103414 1
103414 0
688434 0
688434 2
842769 1
842769 0
665576 3
665576 2
771185 0
771185 2
399810 2
399810 0
418245 2
418245 0
924842 2
924842 0
457737 3
457737 0
98456 0
98456 1
503264 0
503264 1
926760 3
926760 2
624769 0
624769 2
293449 0
293449 1
533951 2
533951 3
343719 3
343719 0
451260 0
451260 1
850849 1
850849 3
939423 3
939423 0
630155 0
630155 1
831209 0
831209 1
881908 2
881908 3
81352 1
81352 3
462847 2
462847 3
706740 3
706740 0
491637 2
491637 0
602124 2
602124 1
588762 1
588762 2
447875 3
447875 1
445661 0
445661 3
834744 2
834744 3
643557 0
643557 2
177239 2
177239 3
850945 1
850945 0
404524 3
404524 1
135887 2
135887 0
535130 2
535130 0
762404 0
762404 3
370876 2
370876 1
277620 2
277620 0
625647 0
625647 1
850847 0
850847 1
766278 0
766278 3
485783 1
485783 0
331876 1
331876 3
442555 0
442555 1
37990 3
37990 0
224715 3
224715 1
480041 1
480041 3
139915 0
139915 2
944539 0
944539 1
679670 3
679670 2
445221 3
445221 2
520645 3
520645 2
1823 3
1823 0
261605 2
261605 0
292859 2
292859 1
253424 0
253424 3
617319 2
617319 0
627759 1
627759 0
22163 2
22163 3
383009 2
383009 0
138226 2
138226 3
634837 0
634837 3
343768 0
343768 3
870974 0
870974 3
748336 3
748336 1
916572 3
916572 0
857489 2
857489 1
730863 1
730863 0
465329 2
465329 3
49200 2
49200 1
173933 0
173933 1
17578 1
17578 2
227902 0
227902 3
810142 2
810142 0
722182 2
722182 3
218925 2
218925 1
666253 1
666253 0
814090 0
814090 3
526019 2
526019 0
481668 3
481668 1
530075 0
530075 1
782994 0
782994 2
25082 3
25082 0
164701 0
164701 1
373695 1
373695 2
871036 2
871036 3
999378 2
999378 0
293833 0
293833 3
647928 0
647928 3
591304 2
591304 0
793834 0
793834 2
803378 0
803378 3
178583 2
178583 1
749864 3
749864 2
36182 3
36182 2
958740 0
958740 1
581998 3
581998 1
524496 2
524496 1
692989 1
692989 3
484641 2
484641 1
983828 3
983828 2
799065 3
799065 2
735803 0
735803 3
841639 0
841639 1
357484 2
357484 1
108344 2
108344 0
982056 0
982056 2
248981 0
248981 2
269590 2
269590 3
154270 3
154270 0
311793 2
311793 3
48326 2
48326 3
863066 1
863066 3
789839 1
789839 0
992350 3
992350 1
772502 0
772502 3
433511 2
433511 3
692504 2
692504 3
858911 1
858911 2
222887 2
222887 1
297133 2
297133 3
310213 0
310213 1
104434 3
104434 1
323235 3
323235 1
412010 3
412010 1
455406 1
455406 3
837240 0
837240 3
56683 2
56683 3
678079 0
678079 3
635078 0
635078 3
851148 0
851148 2
472588 0
472588 2
41694 0
41694 3
337696 0
337696 3
640028 1
640028 3
303425 2
303425 1
956057 1
956057 3
285235 3
285235 0
769482 3
769482 1
353774 3
353774 0
292473 1
292473 3
680174 0
680174 1
125217 2
125217 3
77850 2
77850 0
422268 2
422268 3
565516 1
565516 3
727445 3
727445 0
528098 0
528098 3
403519 2
403519 3
719328 2
719328 1
319777 1
319777 3
835499 2
835499 3
227353 1
227353 0
979636 3
979636 2
974673 0
974673 1
324114 2
324114 3
609231 3
609231 1
715887 3
715887 0
569842 0
569842 1
327727 1
327727 2
660567 0
660567 3
642562 0
642562 1
997479 2
997479 1
141509 3
141509 0
141506 1
141506 3
2496 0
2496 1
363904 0
363904 3
476727 3
476727 1
728693 3
728693 2
994100 0
994100 1
527918 2
527918 1
983991 3
983991 0
828723 3
828723 2
448246 2
448246 0
329460 3
329460 2
689743 2
689743 0
728438 3
728438 1
263691 1
263691 3
154694 3
154694 0
406627 1
406627 3
344797 2
344797 1
719272 2
719272 1
899029 0
899029 2
610681 2
610681 0
179336 1
179336 2
655337 0
655337 3
252981 1
252981 0
207695 2
207695 3
828026 0
828026 2
32204 1
32204 0
763724 0
763724 3
5882 3
5882 2
496709 2
496709 1
567977 2
567977 0
350678 0
350678 3
243467 2
243467 3
690310 2
690310 1
539714 2
539714 1
317362 2
317362 3
569032 0
569032 3
565363 1
565363 0
224234 0
224234 1
601846 0
601846 3
559345 0
559345 2
265319 1
265319 3
668201 0
668201 2
536695 2
536695 0
685509 1
685509 3
469554 3
469554 2
328403 2
328403 1
39593 0
39593 1
954824 3
954824 1
278710 3
278710 1
705913 1
705913 3
516731 3
516731 0
588358 1
588358 3
442852 1
442852 2
179939 3
179939 2
641220 1
641220 0
948737 2
948737 3
165223 0
165223 2
603105 1
603105 2
97970 2
97970 1
825541 1
825541 0
795335 2
795335 0
878292 1
878292 3
498862 1
498862 2
924287 2
924287 1
842572 2
842572 3
934500 3
934500 1
385752 0
385752 1
904573 1
904573 2
526032 3
526032 2
704174 1
704174 2
827857 1
827857 2
93692 2
93692 1
387983 2
387983 3
796948 2
796948 0
894338 0
894338 1
212513 1
212513 0
728529 3
728529 2
646929 1
646929 3
485186 1
485186 2
89005 3
89005 0
532453 0
532453 1
770380 3
770380 0
500688 0
500688 1
156845 2
156845 3
188087 0
188087 2
253123 2
253123 3
697753 2
697753 1
659931 3
659931 1
839104 2
839104 1
922671 1
922671 3
884366 2
884366 0
988474 2
988474 0
882418 0
882418 2
233095 0
233095 3
937009 0
937009 3
254324 0
254324 1
277870 1
277870 2
440447 3
440447 2
465648 2
465648 1
268703 0
268703 1
206378 2
206378 0
199801 2
199801 3
356303 2
356303 3
946936 1
946936 0
425006 2
425006 0
70082 0
70082 2
255926 0
255926 2
513729 1
513729 2
417196 0
417196 1
240312 2
240312 1
200434 3
200434 0
65763 0
65763 1
952271 1
952271 2
560438 1
560438 0
963987 2
963987 1
357232 1
357232 0
341503 1
341503 2
762392 0
762392 3
17477 2
17477 3
130657 2
130657 3
872883 0
872883 3
702679 0
702679 3
538908 2
538908 1
207806 1
207806 2
967554 3
967554 2
664304 0
664304 1
420694 1
420694 2
81657 1
81657 3
421159 0
421159 3
274491 0
274491 1
543197 3
543197 2
301204 0
301204 2
164407 1
164407 2
139434 3
139434 2
776703 0
776703 3
474513 3
474513 0
772650 2
772650 1
99125 1
99125 0
41613 1
41613 3
343119 3
343119 1
108787 3
108787 0
289653 2
289653 1
670649 2
670649 3
745541 0
745541 3
646346 1
646346 2
630261 3
630261 0
117391 0
117391 3
408420 0
408420 1
806868 3
806868 0
422117 0
422117 3
14893 1
14893 2
773561 3
773561 1
181891 0
181891 3
213730 3
213730 1
51113 3
51113 1
181335 0
181335 2
117365 1
117365 3
951798 3
951798 2
303693 0
303693 2
109053 2
109053 1
15514 0
15514 1
327619 2
327619 3
779499 2
779499 0
300683 3
300683 0
945214 1
945214 0
520116 3
520116 0
362614 1
362614 0
104438 2
104438 1
166224 3
166224 2
308827 3
308827 1
827340 3
827340 0
384559 3
384559 0
957231 3
957231 2
871706 1
871706 3
642980 1
642980 3
998092 3
998092 0
463447 2
463447 1
493488 2
493488 3
193690 3
193690 0
647339 0
647339 3
114405 1
114405 0
34756 3
34756 0
568476 0
568476 2
528046 0
528046 3
980503 0
980503 1
355862 2
355862 1
428433 1
428433 2
179929 2
179929 3
259291 2
259291 0
38159 0
38159 2
436615 1
436615 3
116163 1
116163 0
134980 2
134980 1
550986 1
550986 0
837823 0
837823 2
748340 2
748340 1
74837 1
74837 0
314169 0
314169 2
92589 3
92589 2
986808 1
986808 0
210961 2
210961 3
988013 1
988013 2
663932 1
663932 2
633230 1
633230 2
232473 1
232473 2
910938 2
910938 0
612868 1
612868 3
538023 0
538023 1
460576 3
460576 0
756617 0
756617 1
493463 3
493463 1
880923 0
880923 1
866698 3
866698 0
395728 0
395728 3
573912 1
573912 3
816988 2
816988 1
535908 1
535908 2
298251 3
298251 0
889301 3
889301 0
320790 3
320790 1
401462 2
401462 3
653751 0
653751 3
373827 0
373827 3
941398 3
941398 2
753685 3
753685 1
366802 2
366802 3
776708 2
776708 0
190528 0
190528 3
172167 2
172167 3
155712 0
155712 1
716031 3
716031 1
575266 0
575266 1
874346 3
874346 2
769278 2
769278 3
144728 3
144728 1
502784 1
502784 3
899094 2
899094 1
167011 2
167011 3
120395 1
120395 0
832806 0
832806 2
42095 2
42095 0
144432 1
144432 0
771724 3
771724 2
902050 1
902050 3
25178 1
25178 0
429850 1
429850 3
524781 0
524781 1
993464 1
993464 2
647910 0
647910 1
601078 0
601078 1
766108 3
766108 0
178317 1
178317 2
838558 0
838558 3
51004 1
51004 2
95598 3
95598 0
996489 3
996489 2
935599 3
935599 2
443261 0
443261 3
223139 1
223139 0
520270 0
520270 1
502134 3
502134 2
613613 1
613613 2
194803 1
194803 2
645964 1
645964 0
786376 2
786376 3
464530 0
464530 3
358711 0
358711 1
253554 3
253554 1
114042 1
114042 3
266608 0
266608 1
848547 0
848547 2
250415 3
250415 0
844884 3
844884 1
3748 3
3748 2
222055 3
222055 2
650500 2
650500 3
77277 1
77277 0
82037 2
82037 1
361507 0
361507 1
704850 1
704850 3
164519 2
164519 3
554997 0
554997 1
917688 0
917688 1
942162 2
942162 1
567051 1
567051 3
523599 2
523599 0
36140 1
36140 2
159646 1
159646 3
967290 0
967290 2
449882 1
449882 0
362738 3
362738 1
939239 1
939239 2
938636 0
938636 2
232520 2
232520 1
547255 2
547255 0
386460 2
386460 1
100518 1
100518 0
890013 3
890013 0
226141 0
226141 2
389449 3
389449 2
560710 3
560710 1
849782 2
849782 0
793594 3
793594 2
469093 2
469093 0
54899 2
54899 3
945316 2
945316 0
298603 3
298603 2
871811 0
871811 3
494145 1
494145 3
801266 2
801266 3
541459 1
541459 3
751756 3
751756 1
930218 0
930218 2
892627 3
892627 1
716951 0
716951 1
633184 1
633184 3
960109 0
960109 1
949003 1
949003 0
597 0
597 1
593757 1
593757 3
927098 2
927098 0
974901 3
974901 2
300871 3
300871 1
523321 2
523321 1
238687 2
238687 3
121650 3
121650 2
448857 1
448857 3
558196 0
558196 2
874317 1
874317 3
664006 1
664006 2
162803 3
162803 0
429687 0
429687 3
100279 0
100279 2
427038 2
427038 0
644623 0
644623 2
110357 1
110357 0
864251 1
864251 3
282083 0
282083 2
794605 1
794605 3
974249 1
974249 0
453389 3
453389 2
259665 1
259665 3
72734 3
72734 0
184541 2
184541 1
647068 0
647068 2
400521 2
400521 3
238064 0
238064 3
128063 2
128063 1
85938 1
85938 3
916108 0
916108 1
421229 0
421229 1
821403 0
821403 3
725705 1
725705 3
625951 0
625951 3
304680 1
304680 0
617942 3
617942 1
533918 3
533918 0
578275 3
578275 2
115530 1
115530 3
631398 0
631398 1
194084 3
194084 1
709890 0
709890 2
183080 1
183080 2
450612 0
450612 3
108423 3
108423 2
23868 1
23868 2
778547 0
778547 1
198044 2
198044 0
745658 0
745658 2
379285 0
379285 3
218741 2
218741 1
495545 3
495545 1
839787 2
839787 0
457060 2
457060 0
811290 1
811290 0
764922 1
764922 2
270778 2
270778 0
336830 2
336830 0
197852 1
197852 0
964123 1
964123 2
898660 2
898660 0
433039 2
433039 3
917646 3
917646 1
212263 2
212263 1
839724 3
839724 2
912993 2
912993 3
803526 1
803526 2
657463 3
657463 1
106726 1
106726 3
564266 0
564266 1
760575 1
760575 3
632042 0
632042 2
534492 1
534492 2
371407 1
371407 3
728955 0
728955 1
179590 1
179590 3
270659 1
270659 0
233529 3
233529 2
30096 1
30096 2
454986 0
454986 3
129623 2
129623 0
854616 1
854616 2
197975 1
197975 3
588864 0
588864 2
179239 2
179239 1
105550 2
105550 0
183147 3
183147 1
597925 1
597925 2
179410 3
179410 0
374321 0
374321 3
347756 1
347756 2
967644 1
967644 2
367506 2
367506 0
593512 2
593512 1
686060 3
686060 1
9929 1
9929 0
27638 2
27638 0
701767 0
701767 1
208857 3
208857 1
298113 0
298113 1
546251 1
546251 0
525862 3
525862 1
535642 3
535642 1
292808 3
292808 0
846951 1
846951 0
345286 0
345286 3
900831 2
900831 1
286516 1
286516 3
726708 2
726708 0
262279 2
262279 0
202990 0
202990 3
552503 1
552503 0
580683 2
580683 3
210042 0
210042 3
347796 3
347796 2
573506 0
573506 3
945703 1
945703 2
284585 3
284585 1
165271 0
165271 3
309038 1
309038 3
249759 1
249759 3
530043 3
530043 1
643103 0
643103 1
345232 0
345232 2
143532 3
143532 2
591640 2
591640 0
817300 2
817300 3
780066 0
780066 1
107606 1
107606 2
133848 2
133848 3
732884 1
732884 0
752832 0
752832 3
795831 3
795831 1
654309 0
654309 3
244346 0
244346 1
763076 2
763076 0
771426 2
771426 1
532640 0
532640 2
384234 3
384234 2
458093 1
458093 2
307712 3
307712 0
172797 1
172797 3
728436 0
728436 2
104555 2
104555 0
744940 2
744940 1
248767 0
248767 3
958448 2
958448 0
232151 1
232151 3
965374 0
965374 3
221441 2
221441 0
528947 3
528947 2
449043 1
449043 2
505858 2
505858 3
112718 1
112718 0
739127 2
739127 1
786422 1
786422 3
733774 1
733774 3
949155 3
949155 2
122507 2
122507 0
250244 2
250244 1
858689 3
858689 0
359432 2
359432 3
134106 1
134106 2
401149 2
401149 0
453484 3
453484 0
63321 1
63321 3
321868 3
321868 0
28347 2
28347 3
803762 2
803762 3
345603 0
345603 3
998755 3
998755 0
232806 0
232806 3
630748 0
630748 3
746515 1
746515 2
17186 2
17186 0
727930 1
727930 3
436394 1
436394 0
830374 0
830374 2
675406 0
675406 2
823109 0
823109 1
369536 2
369536 1
543829 0
543829 1
213269 0
213269 2
899943 0
899943 2
129167 3
129167 2
502459 1
502459 3
408521 3
408521 0
726187 3
726187 0
798004 2
798004 1
919797 3
919797 0
539698 3
539698 1
817617 2
817617 1
88063 3
88063 1
609467 1
609467 3
594638 0
594638 1
727370 3
727370 2
386516 0
386516 1
455129 3
455129 0
891671 1
891671 2
404147 1
404147 0
58011 1
58011 2
667835 0
667835 2
134854 2
134854 0
884649 0
884649 2
799139 2
799139 0
355099 3
355099 2
788963 1
788963 0
92512 0
92512 1
816170 0
816170 3
737099 0
737099 2
336979 2
336979 1
520687 1
520687 2
4055 2
4055 3
605604 0
605604 2
364524 3
364524 0
629941 0
629941 1
508950 0
508950 2
482264 1
482264 3
94525 3
94525 0
282469 3
282469 1
394066 2
394066 1
814526 0
814526 3
684551 2
684551 1
204750 1
204750 2
667020 3
667020 1
229037 2
229037 3
451064 0
451064 2
615246 0
615246 2
630412 2
630412 1
905520 2
905520 1
590670 1
590670 3
262191 2
262191 3
155428 0
155428 1
464025 2
464025 1
211947 1
211947 2
502980 3
502980 0
818982 0
818982 3
45231 0
45231 2
925473 1
925473 2
940171 2
940171 0
796633 3
796633 1
115239 1
115239 0
181854 0
181854 3
653848 0
653848 1
825278 1
825278 3
446861 0
446861 3
192499 2
192499 0
231517 3
231517 2
279952 3
279952 1
273899 2
273899 3
977936 3
977936 2
643624 3
643624 2
992531 2
992531 3
933316 3
933316 0
96582 0
96582 2
870842 2
870842 3
541004 3
541004 1
945350 3
945350 2
397943 3
397943 1
6795 1
6795 3
367233 2
367233 1
709551 1
709551 3
797628 0
797628 1
153978 2
153978 0
255700 3
255700 1
121417 2
121417 3
538025 0
538025 2
239914 2
239914 3
423191 3
423191 2
242565 3
242565 2
694852 2
694852 0
867762 1
867762 2
911679 2
911679 1
573593 1
573593 3
645365 0
645365 2
30869 0
30869 3
719913 2
719913 0
25711 2
25711 0
245052 2
245052 3
18327 3
18327 2
632631 2
632631 1
866787 2
866787 0
533892 1
533892 0
815097 2
815097 1
460377 3
460377 1
196217 3
196217 0
261208 3
261208 1
922930 0
922930 3
182294 2
182294 1
84240 1
84240 2
982090 2
982090 3
498453 0
498453 3
873291 3
873291 1
613980 1
613980 0
311763 2
311763 1
58388 2
58388 3
150022 1
150022 3
38751 1
38751 3
96520 3
96520 1
257640 0
257640 3
579514 2
579514 0
219373 0
219373 3
894320 3
894320 1
594764 1
594764 2
219962 1
219962 2
202935 3
202935 1
633505 2
633505 1
92282 2
92282 3
863633 0
863633 3
350570 0
350570 1
422166 1
422166 0
632319 3
632319 0
36943 1
36943 2
324010 1
324010 3
323178 2
323178 3
533601 3
533601 0
814036 1
814036 0
767609 2
767609 1
462540 3
462540 2
65139 3
65139 0
374952 0
374952 1
463387 1
463387 2
827837 2
827837 1
431091 2
431091 3
318769 0
318769 2
819818 2
819818 1
568309 1
568309 2
795347 1
795347 2
783800 1
783800 0
991986 3
991986 0
85578 0
85578 2
188436 0
188436 1
992283 0
992283 2
718888 3
718888 2
837172 0
837172 3
959982 1
959982 2
105297 3
105297 0
888480 2
888480 3
280775 1
280775 3
877960 0
877960 1
203926 2
203926 0
897750 3
897750 1
524369 2
524369 0
226166 1
226166 3
640616 0
640616 2
731555 1
731555 0
218251 0
218251 3
631340 2
631340 0
440320 3
440320 0
884846 3
884846 1
681137 0
681137 3
317847 2
317847 1
23589 1
23589 0
436718 3
436718 0
785176 2
785176 3
681451 3
681451 2
294998 0
294998 3
726626 2
726626 3
685026 1
685026 2
355486 2
355486 0
791463 2
791463 3
360589 2
360589 1
211413 0
211413 1
268884 2
268884 0
800018 3
800018 0
898030 3
898030 0
702144 0
702144 2
254668 1
254668 0
855102 2
855102 1
88529 0
88529 1
926171 2
926171 0
460069 2
460069 0
626252 3
626252 0
113019 0
113019 3
72071 1
72071 3
573940 3
573940 1
603224 0
603224 2
212455 2
212455 1
202300 2
202300 1
301850 1
301850 0
892014 0
892014 3
335035 3
335035 2
699447 2
699447 3
549826 2
549826 3
165353 2
165353 3
772794 2
772794 1
323082 0
323082 2
458896 2
458896 1
679563 3
679563 0
585081 2
585081 0
941692 0
941692 1
611163 3
611163 1
883091 2
883091 3
740354 2
740354 3
26415 2
26415 1
405731 2
405731 1
319393 1
319393 2
802079 1
802079 0
669018 0
669018 2
456339 0
456339 3
256724 1
256724 0
259889 1
259889 0
576977 3
576977 0
634503 1
634503 2
547014 2
547014 0
443413 3
443413 2
375869 3
375869 0
280883 0
280883 2
623585 2
623585 1
142227 1
142227 3
168293 1
168293 0
397340 3
397340 0
129656 0
129656 3
353246 2
353246 0
902047 1
902047 3
4955 3
4955 2
417926 3
417926 0
62486 3
62486 1
322322 2
322322 1
343886 2
343886 0
6872 1
6872 0
722390 1
722390 2
876355 2
876355 0
948137 2
948137 1
691061 3
691061 2
993537 1
993537 2
822621 1
822621 3
576466 0
576466 1
478733 1
478733 0
55260 0
55260 3
987417 1
987417 0
553791 3
553791 1
709207 2
709207 1
591799 0
591799 1
627464 2
627464 1
776637 3
776637 0
779049 0
779049 3
119848 3
119848 1
135758 3
135758 0
93248 3
93248 2
349486 1
349486 2
94620 3
94620 0
573341 0
573341 3
852534 3
852534 2
609022 2
609022 1
162965 0
162965 3
865805 3
865805 2
629819 3
629819 1
694907 3
694907 1
330048 3
330048 0
298924 3
298924 0
346619 2
346619 1
980504 0
980504 1
865475 1
865475 3
552261 2
552261 0
472065 1
472065 0
988451 0
988451 1
924117 0
924117 2
390771 1
390771 0
962289 0
962289 2
480748 3
480748 0
615226 0
615226 1
832134 1
832134 3
562726 0
562726 1
49341 3
49341 1
447487 1
447487 0
617427 3
617427 2
29740 1
29740 2
51987 3
51987 2
91445 1
91445 0
194786 2
194786 1
353908 2
353908 0
199834 0
199834 3
792897 2
792897 0
13060 0
13060 3
244345 2
244345 0
55203 3
55203 2
261476 1
261476 0
788282 1
788282 2
685959 0
685959 2
713215 1
713215 3
994605 0
994605 1
616510 0
616510 1
938127 0
938127 2
477085 2
477085 0
99805 2
99805 3
924764 3
924764 1
432937 2
432937 3
326992 0
326992 3
890531 2
890531 1
159712 1
159712 3
946865 3
946865 1
957865 3
957865 2
400271 2
400271 0
47484 1
47484 0
307474 1
307474 0
587970 3
587970 1
197849 1
197849 3
502711 1
502711 2
8625 2
8625 1
330836 3
330836 2
22248 1
22248 3
981927 0
981927 1
52059 3
52059 0
344806 3
344806 1
347111 1
347111 2
626466 0
626466 2
486778 0
486778 2
938291 0
938291 2
800160 2
800160 0
838889 1
838889 0
482612 3
482612 2
364535 2
364535 1
14819 3
14819 0
641523 2
641523 3
97421 2
97421 3
613515 1
613515 2
626040 0
626040 2
796886 2
796886 0
453883 2
453883 1
627554 2
627554 1
882961 2
882961 1
337872 2
337872 0
899016 3
899016 2
968407 1
968407 2
943597 2
943597 0
116877 1
116877 0
266017 3
266017 0
340237 1
340237 3
469525 3
469525 0
37943 1
37943 2
526884 0
526884 1
275198 3
275198 2
814439 2
814439 3
942118 3
942118 1
880021 3
880021 2
577093 1
577093 2
233502 0
233502 1
867753 0
867753 3
97122 0
97122 1
303861 2
303861 3
744551 2
744551 0
907098 0
907098 1
631719 0
631719 2
162562 2
162562 1
710349 2
710349 0
733689 0
733689 1
561035 1
561035 2
569445 0
569445 1
676990 1
676990 3
179112 0
179112 3
151645 2
151645 3
691843 2
691843 1
287813 1
287813 2
909272 3
909272 1
302106 3
302106 1
231284 1
231284 2
456138 3
456138 0
818568 2
818568 1
805023 0
805023 3
383918 2
383918 0
57997 0
57997 3
128951 2
128951 0
322623 2
322623 0
315208 0
315208 1
474795 0
474795 3
223249 1
223249 3
61303 0
61303 2
952413 3
952413 2
823683 0
823683 2
402144 2
402144 1
712237 3
712237 0
626320 2
626320 1
962322 3
962322 0
972678 2
972678 0
413430 3
413430 1
50361 0
50361 2
320013 2
320013 3
873495 2
873495 0
218631 0
218631 1
186238 3
186238 1
716111 2
716111 0
727509 2
727509 1
857627 3
857627 2
945689 1
945689 2
813606 1
813606 0
347922 2
347922 3
764898 3
764898 1
572697 0
572697 1
717417 0
717417 2
261273 0
261273 2
976635 1
976635 0
330510 0
330510 1
858155 2
858155 3
786612 1
786612 0
146726 0
146726 1
933509 0
933509 3
208789 3
208789 2
119624 3
119624 0
517817 0
517817 3
594150 1
594150 0
454786 0
454786 1
36082 1
36082 0
457840 3
457840 0
805988 0
805988 2
964703 2
964703 3
373744 3
373744 0
744057 3
744057 1
836074 1
836074 0
79141 3
79141 1
302117 3
302117 1
365229 2
365229 1
367278 0
367278 1
680705 1
680705 3
757075 0
757075 3
334231 3
334231 1
892415 0
892415 3
448410 0
448410 2
208877 3
208877 0
580597 2
580597 3
235388 1
235388 2
920793 1
920793 2
97468 0
97468 1
53445 3
53445 0
726004 2
726004 3
265008 0
265008 3
613738 2
613738 1
662728 1
662728 2
856654 3
856654 2
629866 2
629866 0
346107 0
346107 1
118031 2
118031 3
766865 0
766865 1
942054 1
942054 0
247415 0
247415 1
206204 0
206204 3
745755 1
745755 3
757339 0
757339 2
696637 3
696637 1
380365 3
380365 1
680248 0
680248 2
635610 2
635610 1
25189 2
25189 1
858221 2
858221 3
916768 0
916768 1
957513 2
957513 3
193393 1
193393 3
870720 2
870720 1
695369 0
695369 3
613155 1
613155 0
886041 3
886041 0
191776 0
191776 3
895875 2
895875 0
660227 2
660227 3
98939 2
98939 0
497066 0
497066 2
346900 3
346900 1
431785 2
431785 1
22750 0
22750 1
750103 0
750103 2
528845 1
528845 0
224618 2
224618 1
878123 1
878123 3
900840 3
900840 0
877129 3
877129 0
630276 0
630276 2
751870 3
751870 1
102919 1
102919 2
924283 1
924283 3
620666 2
620666 0
33897 0
33897 2
830184 3
830184 1
841189 0
841189 2
698869 2
698869 3
945291 1
945291 3
44467 0
44467 3
759038 0
759038 1
914270 0
914270 2
929562 3
929562 2
497749 3
497749 0
574333 3
574333 1
752652 2
752652 3
645012 3
645012 1
958083 2
958083 3
300444 0
300444 2
694589 1
694589 3
234442 2
234442 1
658299 2
658299 3
904402 2
904402 1
366755 0
366755 1
260359 1
260359 3
569191 1
569191 2
629118 3
629118 2
607358 3
607358 1
515396 3
515396 2
720888 0
720888 3
682858 0
682858 3
505580 3
505580 0
237100 3
237100 2
402610 0
402610 2
554466 1
554466 0
57020 1
57020 3
200245 1
200245 2
322618 2
322618 0
355784 2
355784 3
765468 2
765468 3
288713 2
288713 3
356457 2
356457 3
25382 0
25382 2
414826 0
414826 3
257748 1
257748 0
235032 1
235032 3
255302 3
255302 2
680297 3
680297 0
463094 0
463094 3
802818 2
802818 0
512240 0
512240 1
182835 3
182835 1
235314 1
235314 0
328217 1
328217 0
415300 0
415300 3
765603 1
765603 0
594190 1
594190 2
623422 1
623422 2
594105 1
594105 3
53414 1
53414 2
780634 3
780634 1
745810 1
745810 3
908133 1
908133 3
74245 2
74245 3
876272 1
876272 3
396915 2
396915 0
264497 2
264497 0
694423 3
694423 1
673191 0
673191 1
131999 1
131999 0
657086 3
657086 0
717033 1
717033 2
620082 1
620082 0
762255 3
762255 0
751238 3
751238 1
700963 2
700963 3
304905 2
304905 1
156083 2
156083 3
811691 0
811691 2
601177 2
601177 3
697856 1
697856 2
624942 3
624942 2
911478 3
911478 1
137040 2
137040 0
16765 1
16765 0
478213 0
478213 1
572552 1
572552 2
602549 0
602549 3
463178 3
463178 2
505929 1
505929 3
846392 2
846392 3
106733 3
106733 1
905313 2
905313 1
327990 0
327990 3
905492 0
905492 3
553442 1
553442 3
90068 3
90068 2
578809 0
578809 2
661976 3
661976 2
475814 2
475814 3
887150 0
887150 3
973980 0
973980 1
907331 0
907331 1
67766 2
67766 3
108261 0
108261 2
959391 1
959391 2
685112 3
685112 0
132773 3
132773 2
673500 1
673500 2
212137 3
212137 2
77 0
77 1
478926 3
478926 0
626579 0
626579 3
813720 2
813720 1
680270 2
680270 1
65887 1
65887 0
803009 1
803009 3
897964 2
897964 3
521945 0
521945 2
251816 1
251816 2
926945 0
926945 1
505119 1
505119 3
690012 2
690012 3
454343 2
454343 1
914571 3
914571 0
989799 2
989799 0
418377 0
418377 3
3001 1
3001 3
625338 3
625338 1
244538 0
244538 3
917032 3
917032 1
237225 2
237225 1
360257 3
360257 1
883102 3
883102 2
893284 1
893284 0
31472 0
31472 1
