4000
107484 1
107484 3
595142 1
595142 0
167714 2
167714 3
173424 1
173424 0
286109 0
286109 1
303493 0
303493 1
444492 3
444492 0
25867 0
25867 2
782616 2
782616 3
329683 2
329683 1
563028 2
563028 3
634918 3
634918 0
284248 2
284248 3
32375 0
32375 2
805653 2
805653 1
167769 2
167769 1
371261 1
371261 2
67361 1
67361 2
343121 0
343121 2
159511 2
159511 0
279396 1
279396 0
151058 0
151058 2
8366 0
8366 1
697072 3
697072 2
725335 3
725335 2
957514 3
957514 1
854572 0
854572 1
445020 0
445020 2
206963 3
206963 1
754817 2
754817 1
389084 2
389084 3
829192 2
829192 0
234268 3
234268 0
624174 0
624174 2
181414 1
181414 0
804171 2
804171 3
390153 1
390153 3
9488 2
9488 0
441931 1
441931 2
769047 1
769047 0
645897 0
645897 1
906384 0
906384 1
226281 0
226281 1
106517 0
106517 3
658133 0
658133 3
898779 2
898779 1
506097 0
506097 3
895377 0
895377 2
258835 3
258835 0
134914 0
134914 3
733027 2
733027 1
475017 2
475017 3
358765 3
358765 0
163448 1
163448 0
911747 0
911747 2
393642 2
393642 0
607176 1
607176 3
569279 3
569279 0
608167 0
608167 1
782658 0
782658 1
285770 0
285770 2
734363 2
734363 1
948825 3
948825 2
369900 2
369900 3
287789 3
287789 0
806243 2
806243 0
857550 3
857550 0
472451 3
472451 2
301600 2
301600 3
806911 0
806911 3
132601 3
132601 1
294858 2
294858 3
297958 2
297958 3
582864 1
582864 0
873837 1
873837 0
580368 3
580368 1
759079 0
759079 1
777062 1
777062 0
164588 3
164588 0
486770 2
486770 0
619683 2
619683 1
808927 0
808927 3
827076 0
827076 2
180972 2
180972 3
256285 2
256285 1
128947 2
128947 1
726578 1
726578 0
972082 0
972082 3
971059 0
971059 1
743511 1
743511 0
243481 2
243481 3
286866 3
286866 1
115415 2
115415 1
817602 0
817602 3
551255 2
551255 0
186497 1
186497 2
803818 0
803818 2
953941 3
953941 2
983173 0
983173 1
571729 2
571729 3
169165 1
169165 3
778087 1
778087 3
102449 0
102449 1
921678 2
921678 0
29396 3
29396 1
1427 3
1427 0
610887 2
610887 1
161800 0
161800 1
158625 2
158625 1
146404 3
146404 1
848797 1
848797 3
1566 3
1566 1
294269 2
294269 0
857977 1
857977 0
968913 1
968913 3
296001 3
296001 0
876181 1
876181 0
760269 0
760269 2
771346 1
771346 0
257873 3
257873 0
457123 3
457123 0
668573 2
668573 3
472836 2
472836 3
544181 1
544181 0
997025 3
997025 2
419027 1
419027 0
229679 1
229679 2
211682 1
211682 2
852477 0
852477 3
79311 2
79311 0
68143 1
68143 3
143675 1
143675 0
44432 0
44432 2
296565 3
296565 2
641642 0
641642 2
483074 3
483074 1
802458 2
802458 0
681305 3
681305 1
90380 3
90380 1
524344 3
524344 0
972218 0
972218 1
18848 3
18848 2
158451 3
158451 0
996430 2
996430 3
952915 2
952915 1
894093 3
894093 2
995948 1
995948 0
788760 1
788760 3
302529 2
302529 1
980540 1
980540 2
657969 2
657969 0
353370 1
353370 0
196852 0
196852 3
78540 0
78540 2
279119 1
279119 2
117351 1
117351 3
105357 1
105357 2
682772 2
682772 3
333742 1
333742 3
386855 2
386855 3
218620 0
218620 3
298371 2
298371 1
330392 2
330392 3
534777 3
534777 1
386751 2
386751 0
620029 0
620029 3
421325 3
421325 2
297678 1
297678 2
430283 2
430283 3
137824 2
137824 3
180204 3
180204 1
646938 1
646938 2
334680 3
334680 0
197361 1
197361 3
684587 2
684587 0
128163 1
128163 3
305910 3
305910 0
791499 3
791499 1
401928 3
401928 1
887590 0
887590 3
982564 0
982564 3
623781 1
623781 2
721941 3
721941 0
589437 0
589437 1
144860 0
144860 3
799068 3
799068 0
94767 1
94767 0
270636 0
270636 3
397666 3
397666 2
965987 3
965987 2
213317 1
213317 0
429194 2
429194 1
544795 1
544795 3
785913 0
785913 1
286169 1
286169 3
776456 1
776456 2
834342 1
834342 2
800263 1
800263 3
493282 0
493282 1
259994 3
259994 2
492448 1
492448 2
404859 1
404859 0
196693 1
196693 3
151814 0
151814 2
951560 2
951560 1
652903 2
652903 0
766411 2
766411 1
723878 2
723878 0
987345 2
987345 3
898349 0
898349 2
169081 3
169081 1
921300 1
921300 3
827540 0
827540 1
834973 1
834973 3
868770 0
868770 1
241116 1
241116 2
590831 0
590831 3
204969 0
204969 3
478937 3
478937 0
217084 3
217084 1
902240 3
902240 1
237768 1
237768 2
959531 2
959531 0
929285 3
929285 2
29715 0
29715 1
229286 3
229286 0
384823 3
384823 2
192954 1
192954 3
708134 0
708134 3
413025 1
413025 3
964667 3
964667 1
183052 1
183052 0
742112 3
742112 0
176943 3
176943 2
56738 3
56738 0
984774 2
984774 0
154241 1
154241 0
909924 3
909924 0
824611 0
824611 2
482812 3
482812 1
194317 2
194317 1
217055 0
217055 2
977040 3
977040 2
197510 0
197510 2
55754 3
55754 1
274136 2
274136 3
253127 2
253127 0
741886 0
741886 1
344665 1
344665 0
190673 1
190673 2
98554 2
98554 1
510149 0
510149 3
75297 3
75297 1
223595 1
223595 2
52719 0
52719 1
329890 0
329890 2
755545 0
755545 3
848476 1
848476 3
590793 2
590793 3
919362 1
919362 2
769569 3
769569 0
464484 2
464484 1
855573 2
855573 3
431999 1
431999 0
273514 3
273514 2
645655 2
645655 0
836591 0
836591 1
220414 0
220414 1
89617 1
89617 0
657053 2
657053 3
469975 1
469975 2
284036 3
284036 2
973324 1
973324 3
598635 0
598635 1
22850 1
22850 3
381558 2
381558 1
375336 3
375336 0
420289 3
420289 1
94741 2
94741 0
238835 3
238835 2
645885 2
645885 0
967032 2
967032 1
284816 1
284816 2
181140 1
181140 2
30984 1
30984 0
412439 3
412439 1
134442 1
134442 2
211605 1
211605 2
428975 2
428975 1
239354 0
239354 2
492781 2
492781 3
95725 2
95725 0
720172 3
720172 0
311508 1
311508 2
282306 0
282306 3
408386 1
408386 2
248785 3
248785 1
76790 2
76790 0
712990 2
712990 1
16631 3
16631 2
674949 3
674949 1
367942 3
367942 2
424441 2
424441 1
165128 3
165128 2
502668 0
502668 1
822043 0
822043 3
858159 2
858159 1
894659 0
894659 2
809043 2
809043 0
348382 2
348382 3
618780 1
618780 2
702550 3
702550 0
262621 0
262621 1
532638 2
532638 1
618333 1
618333 3
913136 3
913136 1
814447 3
814447 0
23277 0
23277 1
114777 0
114777 3
784168 0
784168 3
807065 3
807065 2
647658 2
647658 1
690587 0
690587 3
426339 3
426339 2
749938 2
749938 0
996720 2
996720 0
98662 1
98662 2
954637 1
954637 0
507156 2
507156 1
395456 0
395456 1
288494 2
288494 3
666200 1
666200 3
703932 3
703932 2
938953 2
938953 3
865426 1
865426 2
76567 0
76567 2
878807 0
878807 3
664582 3
664582 1
541916 3
541916 0
693836 0
693836 2
860264 1
860264 0
636936 3
636936 1
242604 3
242604 2
352639 0
352639 2
909214 0
909214 3
70408 3
70408 0
833382 2
833382 3
186655 1
186655 0
931454 3
931454 0
565639 3
565639 1
485141 2
485141 3
358696 0
358696 2
412281 3
412281 2
216044 1
216044 0
779328 0
779328 2
454210 0
454210 1
547371 2
547371 3
139062 2
139062 3
368701 2
368701 0
961737 0
961737 3
844966 3
844966 0
1048 3
1048 0
595098 3
595098 2
835885 1
835885 2
696102 3
696102 2
682446 1
682446 0
468333 1
468333 2
94644 1
94644 3
131809 0
131809 3
659545 2
659545 1
163212 1
163212 3
467344 1
467344 2
230075 0
230075 1
409766 0
409766 1
55164 2
55164 3
102015 1
102015 2
344258 1
344258 2
471514 1
471514 2
261887 2
261887 1
982443 2
982443 1
9033 1
9033 3
146428 1
146428 2
85614 1
85614 0
390761 3
390761 1
913710 3
913710 2
173548 3
173548 2
715119 3
715119 0
997576 2
997576 0
367422 1
367422 2
647936 2
647936 0
801477 3
801477 0
419156 0
419156 3
269795 2
269795 1
56636 1
56636 0
524776 2
524776 0
280452 1
280452 2
299776 0
299776 1
454654 1
454654 0
985907 2
985907 0
648798 1
648798 2
242478 3
242478 0
378822 3
378822 1
44676 2
44676 1
942044 1
942044 2
579756 0
579756 1
673680 3
673680 0
890870 0
890870 1
825154 2
825154 0
248152 3
248152 2
336356 3
336356 0
850424 2
850424 1
632193 0
632193 2
142853 0
142853 3
160110 2
160110 3
42766 0
42766 1
640119 3
640119 1
63319 0
63319 3
182002 2
182002 1
936498 3
936498 0
699135 1
699135 2
123650 2
123650 0
719131 1
719131 3
338107 0
338107 2
938112 2
938112 3
723581 2
723581 3
395345 3
395345 2
82183 0
82183 1
227650 0
227650 1
161575 3
161575 1
88866 0
88866 1
350215 2
350215 3
50053 1
50053 0
801328 2
801328 3
884544 2
884544 0
837132 1
837132 2
210079 1
210079 2
579406 1
579406 3
808026 3
808026 2
220552 1
220552 0
687746 3
687746 2
102391 2
102391 3
122363 3
122363 0
810174 3
810174 1
945274 1
945274 3
886337 1
886337 0
446266 0
446266 1
591829 3
591829 2
585414 3
585414 2
546256 3
546256 2
300426 2
300426 3
181579 3
181579 1
701064 1
701064 0
328729 0
328729 3
341905 2
341905 1
225272 0
225272 1
175862 0
175862 1
622724 0
622724 3
335748 1
335748 0
73556 1
73556 3
141184 1
141184 0
450576 1
450576 0
391994 0
391994 3
702443 1
702443 0
684396 0
684396 2
781313 0
781313 2
692506 0
692506 2
536525 2
536525 3
611333 2
611333 1
898865 1
898865 3
436010 1
436010 3
141296 3
141296 1
172332 3
172332 1
433657 1
433657 0
295827 1
295827 3
97183 3
97183 1
417165 0
417165 1
475782 2
475782 0
108899 3
108899 2
371913 2
371913 0
264158 0
264158 1
717825 3
717825 2
486239 3
486239 1
398439 1
398439 2
992669 2
992669 3
731104 0
731104 2
30946 0
30946 3
169657 0
169657 3
397572 1
397572 3
368932 1
368932 3
295456 2
295456 0
326389 2
326389 3
141293 0
141293 3
860135 1
860135 2
46619 0
46619 1
655855 2
655855 3
348694 3
348694 1
80170 2
80170 3
558854 0
558854 3
9592 2
9592 0
24666 2
24666 3
268569 2
268569 0
40206 3
40206 1
74744 2
74744 3
836474 0
836474 3
542747 3
542747 0
429525 2
429525 0
350307 0
350307 1
951446 1
951446 3
674660 0
674660 2
988672 1
988672 2
189023 1
189023 2
790017 2
790017 1
625995 2
625995 1
677906 3
677906 0
233602 3
233602 2
55351 2
55351 3
400044 0
400044 2
82200 3
82200 2
770584 1
770584 3
646109 1
646109 3
697466 2
697466 0
634493 0
634493 2
811319 0
811319 1
226890 3
226890 2
873845 1
873845 3
108363 2
108363 3
468697 0
468697 3
458788 0
458788 2
294641 0
294641 3
883262 0
883262 1
549595 0
549595 3
600676 3
600676 2
495452 2
495452 1
55448 0
55448 1
699783 0
699783 3
626275 0
626275 1
770141 3
770141 1
294928 0
294928 2
243343 1
243343 3
111722 1
111722 0
10938 3
10938 0
143087 0
143087 3
235619 1
235619 0
778152 1
778152 3
288445 3
288445 0
154343 2
154343 0
724140 2
724140 0
191097 3
191097 1
353082 2
353082 3
576854 3
576854 1
887343 2
887343 1
646943 2
646943 1
882419 1
882419 2
266196 2
266196 0
539074 1
539074 2
216600 3
216600 0
458699 3
458699 2
159496 0
159496 3
213450 2
213450 0
465608 3
465608 0
266306 1
266306 3
239921 0
239921 1
624971 2
624971 0
715914 1
715914 3
295239 3
295239 2
860945 0
860945 2
252728 3
252728 2
239370 0
239370 3
875798 3
875798 2
598102 2
598102 0
21765 2
21765 3
283845 2
283845 0
122851 1
122851 3
872219 3
872219 1
926684 0
926684 3
492205 2
492205 1
8269 0
8269 2
897782 3
897782 2
616154 3
616154 0
656399 3
656399 1
890035 1
890035 3
726870 0
726870 1
242272 1
242272 0
784618 2
784618 3
495493 0
495493 2
882077 3
882077 2
188075 3
188075 2
114164 0
114164 3
402184 3
402184 2
528363 0
528363 2
351294 1
351294 0
606123 1
606123 0
415894 1
415894 3
895062 1
895062 2
766294 1
766294 0
119453 1
119453 3
35210 3
35210 1
928286 3
928286 2
847461 1
847461 0
15312 0
15312 1
132964 0
132964 1
123257 1
123257 3
782802 3
782802 0
669633 0
669633 2
72923 2
72923 3
689461 0
689461 2
90040 3
90040 0
18810 1
18810 2
165205 1
165205 0
803499 1
803499 0
948433 0
948433 2
570843 0
570843 2
463788 2
463788 0
392672 2
392672 1
267807 3
267807 2
908501 1
908501 3
29353 3
29353 2
902812 0
902812 2
759106 0
759106 2
853753 2
853753 0
410998 1
410998 3
592312 1
592312 0
195780 0
195780 3
380446 0
380446 2
779378 1
779378 0
228368 1
228368 3
326846 1
326846 2
607306 2
607306 3
101602 0
101602 1
279810 0
279810 3
544390 1
544390 3
559062 3
559062 1
528898 0
528898 2
105645 2
105645 1
333161 3
333161 1
839351 2
839351 3
66731 1
66731 3
733397 1
733397 2
668399 3
668399 2
955506 1
955506 0
454256 3
454256 1
67542 2
67542 3
598583 1
598583 2
924941 1
924941 2
957969 1
957969 2
265789 3
265789 0
283979 2
283979 3
26919 3
26919 1
715577 2
715577 0
891721 1
891721 2
30247 1
30247 2
52907 3
52907 0
360376 1
360376 0
44989 3
44989 1
299503 3
299503 1
260581 1
260581 0
859123 1
859123 0
371832 3
371832 2
2472 1
2472 3
36906 1
36906 3
976194 1
976194 2
604142 2
604142 3
265262 0
265262 2
246082 2
246082 1
468510 1
468510 2
686268 0
686268 1
337876 3
337876 2
917649 0
917649 3
822728 3
822728 0
791103 2
791103 3
522047 2
522047 0
56116 3
56116 2
742954 0
742954 3
197064 1
197064 0
578331 3
578331 0
132344 3
132344 2
585668 2
585668 3
760500 1
760500 2
54464 2
54464 3
408687 2
408687 0
689013 1
689013 0
604736 3
604736 2
934123 0
934123 2
752374 3
752374 1
740566 3
740566 2
712597 1
712597 0
346031 0
346031 1
283796 2
283796 3
914296 3
914296 2
683186 3
683186 0
306760 0
306760 2
735040 1
735040 2
269109 1
269109 2
374532 3
374532 0
373113 1
373113 3
765076 3
765076 0
551039 3
551039 2
505994 1
505994 2
603322 0
603322 1
510555 1
510555 3
509368 1
509368 2
894645 3
894645 1
313568 3
313568 0
351274 2
351274 3
167711 0
167711 1
666300 3
666300 1
510311 1
510311 0
231349 0
231349 2
980483 0
980483 3
287220 1
287220 0
948976 0
948976 2
743410 1
743410 2
252199 0
252199 2
81131 2
81131 3
364151 1
364151 0
435341 0
435341 3
803297 3
803297 0
937626 1
937626 2
369363 3
369363 0
694404 1
694404 0
89078 0
89078 3
605626 1
605626 0
576445 2
576445 1
811679 1
811679 2
866162 2
866162 3
82457 1
82457 3
600436 1
600436 2
757469 1
757469 0
244350 1
244350 0
110685 3
110685 1
325957 3
325957 1
286634 1
286634 0
434673 0
434673 1
909779 1
909779 3
784344 1
784344 2
313082 1
313082 2
912377 0
912377 2
862027 3
862027 1
834099 0
834099 3
583809 0
583809 2
186229 0
186229 3
620137 1
620137 2
994154 2
994154 0
689844 3
689844 2
960275 1
960275 0
503824 0
503824 3
403328 2
403328 0
201629 0
201629 2
688778 0
688778 1
612371 0
612371 2
119183 1
119183 2
499825 3
499825 2
106392 3
106392 2
60660 2
60660 0
173252 3
173252 1
936172 3
936172 0
644785 1
644785 3
628845 2
628845 0
684836 0
684836 3
245923 2
245923 3
391476 2
391476 0
135936 3
135936 1
143474 1
143474 0
365312 1
365312 0
474349 3
474349 0
562741 0
562741 1
426773 1
426773 0
914634 3
914634 2
597288 0
597288 2
63916 0
63916 2
643470 0
643470 1
128135 0
128135 3
9241 1
9241 3
820867 3
820867 1
690457 3
690457 2
187358 1
187358 3
334515 3
334515 0
552150 1
552150 2
288655 1
288655 2
177 0
177 3
434145 2
434145 3
75962 0
75962 1
173603 1
173603 0
460712 0
460712 1
634485 2
634485 1
4512 0
4512 2
93784 0
93784 3
204450 3
204450 2
659212 3
659212 2
35762 0
35762 3
7426 0
7426 1
86399 3
86399 0
787423 1
787423 3
10328 2
10328 3
674218 3
674218 1
728226 0
728226 1
94812 1
94812 0
414332 2
414332 0
489526 2
489526 0
57020 2
57020 1
152823 3
152823 0
463313 2
463313 0
380027 0
380027 1
17596 0
17596 1
816235 3
816235 0
130153 3
130153 2
492752 1
492752 0
748423 2
748423 3
846947 0
846947 2
262454 2
262454 3
869422 1
869422 3
861035 2
861035 0
507270 3
507270 0
644312 1
644312 3
161314 0
161314 2
638928 1
638928 2
107888 0
107888 3
566856 0
566856 1
681804 0
681804 1
48748 1
48748 0
114192 1
114192 3
892471 0
892471 3
535542 1
535542 2
492036 0
492036 1
36377 1
36377 0
406348 0
406348 1
368300 0
368300 2
471750 0
471750 1
799802 1
799802 0
954397 3
954397 0
453353 0
453353 2
49850 2
49850 0
808110 3
808110 1
621257 3
621257 0
476385 0
476385 3
197202 0
197202 2
736305 0
736305 1
21983 0
21983 1
184747 3
184747 2
648366 3
648366 1
973266 3
973266 1
659405 2
659405 3
518036 2
518036 3
383716 1
383716 0
129029 3
129029 2
964454 0
964454 3
211174 2
211174 0
192973 2
192973 1
117886 0
117886 1
792926 2
792926 1
584288 3
584288 0
637490 0
637490 1
91164 0
91164 2
262942 2
262942 3
965708 1
965708 0
192414 0
192414 2
616358 0
616358 1
635423 2
635423 3
663329 1
663329 2
946607 2
946607 3
392314 3
392314 2
534931 2
534931 0
46270 3
46270 0
592942 0
592942 2
475315 0
475315 3
927345 2
927345 1
477027 1
477027 0
633494 2
633494 1
86049 0
86049 2
623387 1
623387 0
571307 2
571307 1
790059 0
790059 2
643944 3
643944 1
159972 1
159972 0
918874 1
918874 2
517532 0
517532 2
802284 1
802284 2
893546 0
893546 1
227706 0
227706 2
876821 2
876821 0
471846 1
471846 2
947099 3
947099 2
567991 2
567991 0
575576 2
575576 1
629393 1
629393 3
727815 3
727815 2
518435 2
518435 0
525803 1
525803 0
936867 1
936867 0
45710 1
45710 0
601090 0
601090 2
335912 0
335912 2
364722 3
364722 2
594521 3
594521 1
804906 3
804906 2
63709 3
63709 1
727623 0
727623 2
463442 0
463442 3
858117 0
858117 2
699058 1
699058 2
317529 2
317529 0
817961 2
817961 0
439874 0
439874 1
883593 2
883593 0
507931 2
507931 3
418378 2
418378 0
344790 3
344790 0
116958 0
116958 2
963453 3
963453 1
509789 0
509789 3
675621 1
675621 0
548412 3
548412 1
479520 1
479520 3
236991 2
236991 0
169038 0
169038 2
809073 1
809073 3
3375 3
3375 1
835349 2
835349 1
160404 0
160404 3
959877 1
959877 2
280623 1
280623 3
362610 3
362610 2
108901 0
108901 3
576112 0
576112 1
803156 2
803156 3
475605 2
475605 3
69979 0
69979 2
930090 2
930090 3
649025 1
649025 3
871045 0
871045 3
517269 3
517269 1
695772 2
695772 1
786465 1
786465 2
882542 2
882542 3
301879 3
301879 0
689296 1
689296 2
678365 1
678365 2
411690 3
411690 1
218096 3
218096 1
49467 1
49467 3
691447 2
691447 0
158605 1
158605 3
597070 3
597070 0
300466 1
300466 3
155758 3
155758 0
986686 2
986686 3
796075 3
796075 0
120274 0
120274 3
268790 1
268790 2
705982 3
705982 2
969563 0
969563 3
193056 3
193056 2
353496 2
353496 1
633936 1
633936 3
860881 0
860881 3
462584 3
462584 2
785852 3
785852 1
916171 1
916171 3
431352 1
431352 0
259897 2
259897 3
211132 1
211132 3
250860 0
250860 1
979215 1
979215 2
132007 3
132007 1
512925 1
512925 3
885693 3
885693 1
902239 2
902239 1
899487 0
899487 1
570279 0
570279 2
14156 3
14156 2
496542 3
496542 1
65098 3
65098 2
618716 0
618716 2
111371 3
111371 2
537761 3
537761 0
294220 2
294220 1
816608 2
816608 3
761213 3
761213 0
233559 3
233559 1
867542 2
867542 3
430576 3
430576 2
3986 0
3986 1
73422 0
73422 1
483509 0
483509 3
253279 2
253279 1
422765 2
422765 0
451880 1
451880 0
546376 2
546376 1
127303 3
127303 0
484163 1
484163 2
170593 3
170593 0
250185 3
250185 0
222802 2
222802 0
985337 2
985337 3
652539 3
652539 2
527946 1
527946 2
66999 0
66999 1
118351 0
118351 2
785563 0
785563 2
450504 2
450504 1
432674 3
432674 2
808904 2
808904 3
268850 2
268850 0
309430 3
309430 2
952037 1
952037 0
87210 0
87210 2
252270 2
252270 1
875030 2
875030 1
376071 1
376071 2
646969 1
646969 3
867570 1
867570 0
182048 3
182048 2
292200 3
292200 2
522717 3
522717 0
507368 2
507368 3
601583 3
601583 0
372630 3
372630 1
375149 1
375149 2
746671 1
746671 2
566481 2
566481 1
131701 3
131701 1
907937 3
907937 0
816580 2
816580 1
697340 3
697340 2
263637 1
263637 0
711027 1
711027 3
751331 1
751331 2
460373 2
460373 0
632551 1
632551 2
312870 0
312870 3
479815 1
479815 0
258374 0
258374 3
434810 0
434810 3
28626 0
28626 3
667590 0
667590 2
808798 3
808798 2
483360 0
483360 2
940602 3
940602 1
223930 3
223930 1
82339 0
82339 1
242548 0
242548 2
396094 0
396094 1
235244 1
235244 0
173140 1
173140 0
416876 1
416876 0
383599 2
383599 1
735930 1
735930 2
834781 1
834781 2
421753 3
421753 1
410637 2
410637 3
16872 3
16872 0
458858 1
458858 3
613474 3
613474 0
539173 3
539173 0
929791 3
929791 0
554541 0
554541 1
621518 0
621518 2
915933 3
915933 1
801676 2
801676 1
759713 2
759713 3
190268 3
190268 0
680902 3
680902 1
525585 3
525585 0
298710 0
298710 2
6582 1
6582 3
576604 0
576604 1
492663 1
492663 2
544217 0
544217 2
418296 3
418296 1
996615 2
996615 1
972748 0
972748 1
435041 3
435041 0
915029 0
915029 2
944730 2
944730 1
789580 0
789580 3
347406 1
347406 3
519080 2
519080 3
185042 2
185042 0
791482 3
791482 2
936568 3
936568 1
655628 3
655628 0
697033 0
697033 3
770501 2
770501 1
698737 0
698737 1
762110 3
762110 1
845093 0
845093 2
694006 2
694006 0
602838 1
602838 3
340663 1
340663 0
219110 2
219110 0
208670 0
208670 1
578749 1
578749 0
692066 0
692066 2
337840 1
337840 0
491328 1
491328 0
311531 2
311531 0
402537 3
402537 0
803189 0
803189 2
187312 0
187312 2
569996 0
569996 2
17629 2
17629 3
708567 1
708567 3
183127 1
183127 2
10945 2
10945 3
299642 1
299642 2
321361 1
321361 0
514289 1
514289 3
109240 3
109240 0
31172 3
31172 0
864838 2
864838 3
902939 2
902939 0
673853 3
673853 2
833720 1
833720 2
515986 1
515986 3
563581 0
563581 2
630105 3
630105 2
933862 1
933862 2
337409 0
337409 3
811626 1
811626 0
145591 1
145591 2
359158 2
359158 1
899681 1
899681 3
744943 2
744943 1
803441 2
803441 1
578850 2
578850 1
69269 1
69269 0
967663 1
967663 2
301178 0
301178 3
474789 2
474789 3
605562 0
605562 3
602827 2
602827 1
406433 3
406433 2
606096 3
606096 0
152348 2
152348 0
389260 2
389260 3
239409 2
239409 0
916253 3
916253 1
591688 0
591688 1
599741 1
599741 2
890381 2
890381 0
176314 2
176314 1
323561 3
323561 1
213238 1
213238 3
155773 2
155773 1
555591 1
555591 0
434409 2
434409 0
830203 1
830203 0
884537 1
884537 0
986802 2
986802 1
999831 2
999831 3
681397 0
681397 2
756980 0
756980 2
74336 1
74336 2
232669 1
232669 0
460682 3
460682 1
928912 1
928912 0
759983 0
759983 3
539736 2
539736 0
846500 3
846500 2
116068 1
116068 2
64681 0
64681 1
326829 1
326829 2
201979 0
201979 2
325192 0
325192 1
557997 0
557997 1
795772 1
795772 3
743728 2
743728 1
589887 3
589887 1
58762 0
58762 2
584414 2
584414 0
150596 2
150596 0
822749 2
822749 0
751604 3
751604 0
863128 2
863128 1
930111 3
930111 2
618382 3
618382 1
43652 0
43652 2
178510 3
178510 1
734510 0
734510 1
519527 1
519527 3
144307 2
144307 0
824460 2
824460 1
297977 1
297977 2
939743 3
939743 0
100381 1
100381 2
650203 3
650203 1
673852 1
673852 2
463600 0
463600 1
46444 3
46444 0
898350 1
898350 3
981035 0
981035 2
828425 3
828425 1
30183 0
30183 3
84798 2
84798 0
500988 1
500988 0
411242 3
411242 1
729170 1
729170 3
264077 3
264077 2
310582 0
310582 1
746660 1
746660 3
441631 1
441631 3
883282 3
883282 2
257590 1
257590 3
377915 0
377915 3
661560 0
661560 2
62338 2
62338 3
590935 3
590935 0
701939 0
701939 2
544937 0
544937 1
283859 1
283859 2
571122 2
571122 0
66495 3
66495 1
166267 1
166267 0
410022 2
410022 1
96024 2
96024 0
108176 0
108176 3
664555 3
664555 0
78554 0
78554 3
933941 0
933941 3
505635 3
505635 2
771761 0
771761 1
129045 1
129045 3
600841 2
600841 1
291536 3
291536 0
361380 1
361380 3
793709 1
793709 3
970468 3
970468 1
417618 3
417618 2
564396 2
564396 0
602066 1
602066 0
507417 2
507417 0
966814 0
966814 3
6189 1
6189 2
113118 1
113118 3
844221 0
844221 3
317326 2
317326 1
125178 1
125178 0
23063 1
23063 3
203910 1
203910 0
828939 2
828939 0
67502 1
67502 2
699848 1
699848 0
959918 2
959918 3
939973 1
939973 2
233644 3
233644 1
146574 3
146574 0
30595 3
30595 2
481547 2
481547 1
977303 1
977303 0
730852 0
730852 3
614509 3
614509 0
399770 2
399770 3
298248 3
298248 2
692264 2
692264 3
564744 1
564744 2
1648 2
1648 1
928771 1
928771 2
496894 1
496894 3
851488 2
851488 3
279295 1
279295 0
104450 2
104450 3
106282 2
106282 0
933908 2
933908 0
604623 2
604623 3
692548 2
692548 0
941522 0
941522 2
209680 3
209680 2
615331 2
615331 1
396616 3
396616 0
73742 0
73742 2
211131 2
211131 0
135686 2
135686 0
236262 2
236262 1
102573 3
102573 0
29644 3
29644 0
629605 2
629605 3
97610 2
97610 1
952110 3
952110 2
687066 3
687066 0
121739 1
121739 3
857555 3
857555 1
168558 3
168558 1
408156 0
408156 3
416997 1
416997 0
832250 2
832250 0
302609 2
302609 0
450770 3
450770 1
679024 1
679024 3
42739 3
42739 1
363687 3
363687 0
219817 3
219817 0
834146 1
834146 0
656222 1
656222 3
78282 0
78282 3
298192 2
298192 0
790627 2
790627 0
864527 3
864527 1
520490 2
520490 1
718113 0
718113 3
610650 2
610650 0
193138 0
193138 2
443798 2
443798 0
527430 2
527430 3
190816 1
190816 0
445417 0
445417 1
50469 0
50469 3
550014 2
550014 1
191584 0
191584 1
867619 0
867619 2
617806 1
617806 0
595582 1
595582 0
881576 3
881576 0
163803 1
163803 0
740220 0
740220 3
928818 0
928818 2
690358 1
690358 2
204698 1
204698 2
987238 1
987238 3
452239 0
452239 3
805513 0
805513 3
762648 0
762648 2
772886 1
772886 0
165229 2
165229 1
656531 2
656531 3
932670 3
932670 2
398987 2
398987 1
225894 0
225894 2
863998 3
863998 0
736482 1
736482 0
163125 1
163125 0
127345 2
127345 1
925828 1
925828 0
137872 3
137872 1
129262 1
129262 2
143316 3
143316 1
356604 1
356604 2
179378 0
179378 2
892791 2
892791 3
178565 1
178565 3
466484 1
466484 3
790969 2
790969 1
365654 3
365654 1
493696 2
493696 0
998333 2
998333 0
307537 2
307537 3
537300 3
537300 1
870878 2
870878 3
19103 2
19103 0
14003 3
14003 2
298298 1
298298 2
521767 3
521767 1
792626 1
792626 0
818259 2
818259 1
215769 1
215769 2
417351 0
417351 3
892143 0
892143 1
794728 1
794728 0
749962 2
749962 0
252750 2
252750 3
858691 1
858691 0
988183 3
988183 1
584132 1
584132 0
286341 2
286341 1
609244 3
609244 0
702086 2
702086 1
386404 3
386404 1
95877 0
95877 2
279390 2
279390 3
879677 2
879677 0
796828 3
796828 1
427281 1
427281 0
47937 0
47937 3
225467 1
225467 2
547830 2
547830 0
865538 3
865538 0
894755 3
894755 0
962447 0
962447 3
322192 2
322192 1
414066 3
414066 0
299367 2
299367 1
470349 1
470349 0
560153 0
560153 1
268200 3
268200 2
281253 3
281253 0
845508 3
845508 0
440864 1
440864 3
126636 0
126636 1
238335 2
238335 0
702879 0
702879 1
868134 0
868134 3
65949 1
65949 2
538906 1
538906 0
554459 1
554459 3
764865 1
764865 2
852575 0
852575 3
202005 1
202005 0
136585 2
136585 1
347897 2
347897 1
648500 1
648500 0
747988 2
747988 0
719174 2
719174 3
632049 0
632049 2
899752 2
899752 3
164335 0
164335 1
127947 1
127947 3
474429 1
474429 2
580767 3
580767 2
289801 3
289801 0
660625 0
660625 3
788174 1
788174 2
394732 1
394732 0
645468 0
645468 3
5679 3
5679 0
843878 3
843878 1
71386 0
71386 1
448226 1
448226 2
994725 1
994725 0
488736 1
488736 0
619888 1
619888 2
384086 2
384086 0
606415 2
606415 1
973326 3
973326 1
951953 0
951953 3
904826 2
904826 1
874463 3
874463 0
368081 2
368081 0
421 3
421 1
871083 0
871083 3
824384 2
824384 3
707142 1
707142 0
887410 0
887410 2
881037 3
881037 0
426108 0
426108 1
367041 0
367041 1
930416 3
930416 0
894430 1
894430 2
841008 2
841008 1
299158 0
299158 2
955548 2
955548 3
168346 3
168346 2
945880 1
945880 2
390407 1
390407 3
162469 0
162469 3
711746 1
711746 2
672315 1
672315 2
403031 0
403031 3
307971 2
307971 3
246786 0
246786 2
789171 2
789171 0
603330 1
603330 0
106862 3
106862 1
95394 3
95394 0
808225 1
808225 3
909679 0
909679 2
780570 3
780570 1
802290 3
802290 0
545006 0
545006 1
402831 0
402831 1
430898 3
430898 2
856339 3
856339 0
455099 2
455099 3
220742 1
220742 0
497377 3
497377 0
600128 2
600128 3
719925 2
719925 0
670029 3
670029 0
771149 1
771149 0
12651 2
12651 3
399743 3
399743 0
400028 1
400028 3
915116 3
915116 0
486733 2
486733 1
192478 1
192478 2
582292 0
582292 3
981826 3
981826 2
116012 3
116012 2
373858 3
373858 2
459869 0
459869 2
571868 0
571868 3
50143 2
50143 0
163494 1
163494 0
573265 0
573265 2
267511 0
267511 3
572289 1
572289 0
578779 3
578779 0
321495 3
321495 2
631334 3
631334 1
520414 3
520414 2
462887 2
462887 0
727213 3
727213 1
968002 2
968002 0
166987 3
166987 1
987275 3
987275 2
67089 2
67089 0
815878 0
815878 3
922442 1
922442 3
747736 3
747736 1
30199 3
30199 1
782280 0
782280 3
134449 2
134449 3
628559 2
628559 3
471175 3
471175 0
470756 2
470756 0
321567 3
321567 2
726390 1
726390 3
134568 3
134568 0
322603 1
322603 3
905839 3
905839 2
136791 2
136791 0
380560 2
380560 1
245192 3
245192 0
787180 1
787180 3
73832 2
73832 0
604807 2
604807 3
436308 2
436308 0
816095 1
816095 0
59346 2
59346 3
965577 0
965577 1
879132 3
879132 1
154938 1
154938 3
7245 0
7245 2
91441 2
91441 1
267226 1
267226 2
25409 2
25409 3
21283 1
21283 2
308364 3
308364 0
749708 2
749708 1
463287 2
463287 0
992609 2
992609 3
53018 2
53018 0
69140 3
69140 0
242293 2
242293 0
799844 0
799844 1
277523 0
277523 1
842494 0
842494 3
569744 1
569744 0
172231 3
172231 0
559685 2
559685 0
633373 0
633373 1
531929 1
531929 2
339927 1
339927 0
236147 2
236147 3
809366 3
809366 0
984140 1
984140 3
584084 0
584084 3
824237 3
824237 0
449893 0
449893 2
348352 3
348352 1
560002 0
560002 3
166130 3
166130 0
843253 2
843253 1
232178 0
232178 3
955670 1
955670 0
705657 2
705657 1
859154 3
859154 1
664757 3
664757 2
86534 3
86534 2
921433 3
921433 0
152378 0
152378 3
25820 2
25820 1
500643 0
500643 1
784924 0
784924 3
46964 3
46964 2
221145 3
221145 0
517570 0
517570 1
40349 2
40349 3
244998 0
244998 3
591561 0
591561 3
462339 3
462339 2
483129 3
483129 1
874813 3
874813 0
46374 1
46374 0
503506 1
503506 3
95748 2
95748 3
217124 1
217124 2
634070 2
634070 3
504374 0
504374 1
852755 0
852755 3
307575 1
307575 0
350649 0
350649 3
698403 0
698403 3
524804 1
524804 0
347491 1
347491 0
111497 2
111497 0
108837 1
108837 3
72001 3
72001 1
8256 0
8256 1
460529 1
460529 0
234504 3
234504 2
146723 2
146723 3
41178 1
41178 2
38142 3
38142 2
52180 1
52180 3
996920 0
996920 1
880981 1
880981 0
825561 1
825561 0
499776 2
499776 0
898916 2
898916 0
700956 3
700956 0
66981 3
66981 1
354905 2
354905 0
81901 1
81901 2
980781 2
980781 0
783844 3
783844 0
84940 3
84940 2
861965 3
861965 2
828697 0
828697 1
514905 0
514905 3
989020 0
989020 3
36267 0
36267 3
889470 0
889470 1
918196 2
918196 3
249972 1
249972 3
364930 0
364930 3
144491 3
144491 2
46547 3
46547 1
589115 3
589115 1
649320 1
649320 2
121090 1
121090 0
952716 1
952716 2
443921 0
443921 3
103096 3
103096 2
360778 3
360778 1
58510 1
58510 0
79041 1
79041 0
17256 0
17256 3
997876 3
997876 0
445069 2
445069 3
587958 0
587958 3
396304 0
396304 1
472365 2
472365 3
37261 2
37261 0
122112 2
122112 3
542361 2
542361 1
797527 1
797527 2
670846 2
670846 1
69169 3
69169 0
321969 3
321969 1
781200 3
781200 2
656017 1
656017 3
454161 2
454161 3
797370 2
797370 0
539268 3
539268 0
187423 2
187423 0
995793 3
995793 1
867954 2
867954 3
27355 2
27355 1
566606 3
566606 1
934961 1
934961 0
756182 0
756182 1
490422 1
490422 2
553230 2
553230 3
892746 1
892746 3
612646 1
612646 3
961978 2
961978 0
389539 0
389539 1
550682 3
550682 2
150726 2
150726 1
315134 3
315134 2
495159 1
495159 0
621221 2
621221 1
550222 2
550222 3
840745 2
840745 1
403795 0
403795 2
105497 2
105497 0
867591 0
867591 2
155269 3
155269 0
824653 3
824653 2
103860 2
103860 1
82769 0
82769 1
937918 3
937918 1
517454 3
517454 1
308337 0
308337 1
559054 2
559054 0
72835 0
72835 1
94940 2
94940 1
248348 0
248348 2
934179 2
934179 3
424482 2
424482 0
779644 2
779644 0
872822 2
872822 3
844854 3
844854 1
974124 0
974124 1
193493 2
193493 0
314693 0
314693 2
343894 3
343894 2
103347 1
103347 0
596140 0
596140 3
736431 2
736431 1
503687 1
503687 2
607995 0
607995 2
812592 2
812592 0
855791 3
855791 2
262135 2
262135 1
967836 1
967836 3
493001 2
493001 0
139641 3
139641 1
858892 1
858892 2
128944 2
128944 0
951175 3
951175 2
941986 1
941986 2
97125 1
97125 0
36345 0
36345 1
719881 3
719881 2
151872 2
151872 0
912897 2
912897 1
635998 3
635998 2
6456 2
6456 0
127494 3
127494 0
490175 3
490175 2
747489 2
747489 1
581211 2
581211 1
868777 0
868777 3
850461 2
850461 3
6172 3
6172 0
958573 2
958573 1
803390 1
803390 3
405051 3
405051 0
15737 3
15737 1
286805 1
286805 3
174186 3
174186 2
976512 2
976512 3
793662 0
793662 1
233020 2
233020 1
715526 2
715526 1
258411 2
258411 3
515782 3
515782 0
346524 0
346524 1
812724 0
812724 2
548344 3
548344 2
443690 2
443690 1
754078 1
754078 2
767510 2
767510 1
963454 2
963454 3
796062 1
796062 3
783085 0
783085 2
777435 0
777435 2
492269 2
492269 1
973574 2
973574 1
209840 0
209840 2
813093 0
813093 3
151070 2
151070 3
814245 1
814245 0
65455 3
65455 2
299141 2
299141 3
60566 3
60566 2
657565 0
657565 3
593692 0
593692 1
956591 0
956591 2
928813 3
928813 2
604470 2
604470 1
901450 0
901450 1
440559 3
440559 2
33395 1
33395 0
452333 3
452333 1
202155 0
202155 1
551783 3
551783 1
767111 1
767111 2
391161 2
391161 3
533644 2
533644 0
428148 2
428148 3
491618 1
491618 3
683451 0
683451 3
760736 0
760736 1
994765 1
994765 0
615731 0
615731 1
638673 3
638673 0
274069 3
274069 0
313911 1
313911 0
182571 1
182571 3
986021 3
986021 0
19862 1
19862 0
46912 1
46912 0
706467 1
706467 0
473780 3
473780 2
382875 0
382875 2
702718 3
702718 0
839092 2
839092 1
102651 2
102651 3
716017 3
716017 2
421266 0
421266 3
988082 0
988082 3
312961 0
312961 3
835591 1
835591 3
251431 2
251431 0
107578 1
107578 3
849696 1
849696 2
561334 3
561334 1
735165 1
735165 2
813993 2
813993 0
800547 1
800547 2
337399 0
337399 2
576415 0
576415 3
753193 2
753193 3
271420 3
271420 1
55825 0
55825 1
855116 0
855116 1
418158 2
418158 0
561010 2
561010 0
91344 0
91344 2
579326 2
579326 3
370499 1
370499 0
229599 3
229599 1
356750 2
356750 1
711716 1
711716 3
850547 1
850547 3
755942 1
755942 0
602928 1
602928 0
830586 3
830586 0
24227 0
24227 2
549155 3
549155 2
92803 1
92803 0
982125 0
982125 1
227963 3
227963 2
956279 1
956279 2
199656 0
199656 2
611284 0
611284 3
808296 1
808296 0
108846 0
108846 1
756760 0
756760 3
716938 1
716938 2
950740 3
950740 0
637767 1
637767 2
717180 0
717180 2
757429 0
757429 2
480612 2
480612 1
120639 2
120639 0
902809 0
902809 2
771775 0
771775 1
853364 0
853364 1
556590 0
556590 3
88737 1
88737 2
661863 1
661863 2
737613 3
737613 2
460431 3
460431 1
406362 0
406362 3
735652 2
735652 0
931657 1
931657 2
44988 3
44988 1
517957 0
517957 1
139550 3
139550 0
344516 3
344516 0
236336 2
236336 3
127233 3
127233 2
772691 0
772691 2
805050 1
805050 2
787887 0
787887 3
663951 3
663951 2
532896 1
532896 0
141388 0
141388 1
617779 2
617779 3
538120 3
538120 1
475580 1
475580 2
75400 1
75400 3
273114 1
273114 3
19725 2
19725 3
607427 2
607427 0
330357 3
330357 2
824139 2
824139 3
57101 3
57101 1
312359 0
312359 2
95962 1
95962 2
478454 3
478454 2
672871 2
672871 1
629646 3
629646 0
372815 2
372815 3
120507 3
120507 0
220931 0
220931 3
715078 0
715078 1
598869 0
598869 3
109601 0
109601 1
943394 2
943394 3
106587 3
106587 1
377680 0
377680 2
371676 3
371676 0
254603 3
254603 1
377110 0
377110 3
828872 2
828872 1
146869 3
146869 2
920487 0
920487 3
298521 1
298521 3
901049 0
901049 2
80848 1
80848 2
506505 2
506505 3
723633 3
723633 1
831460 3
831460 1
847888 2
847888 0
221573 2
221573 3
224236 2
224236 0
928062 2
928062 0
106200 3
106200 0
900109 0
900109 2
966001 2
966001 3
689205 2
689205 3
443868 3
443868 2
475691 1
475691 2
934225 0
934225 2
426455 1
426455 3
285050 0
285050 3
757303 0
757303 2
109600 0
109600 1
158248 2
158248 1
126316 1
126316 0
907031 3
907031 2
105748 3
105748 0
499831 1
499831 2
938666 3
938666 0
249369 2
249369 3
864882 1
864882 3
320922 3
320922 2
142072 1
142072 2
500695 0
500695 1
754654 1
754654 3
518531 2
518531 0
783653 0
783653 3
570396 1
570396 0
376900 2
376900 1
218204 3
218204 2
742048 1
742048 3
969077 0
969077 2
868891 2
868891 0
674534 2
674534 1
645737 3
645737 1
358300 3
358300 1
369515 0
369515 1
785491 1
785491 3
18867 2
18867 1
596323 3
596323 2
536524 2
536524 3
23686 0
23686 2
478368 3
478368 1
962546 0
962546 3
605813 3
605813 1
939752 3
939752 2
752411 3
752411 0
104681 1
104681 2
255781 3
255781 0
379188 0
379188 1
737518 2
737518 1
131566 3
131566 2
163289 2
163289 3
643194 2
643194 1
318047 1
318047 2
456978 2
456978 1
898760 2
898760 3
300825 2
300825 0
647539 2
647539 1
362524 0
362524 3
386140 0
386140 1
245438 1
245438 0
880698 2
880698 3
864933 0
864933 1
677421 3
677421 0
946772 2
946772 3
923576 0
923576 2
789716 2
789716 3
387442 3
387442 2
536122 2
536122 1
319869 3
319869 0
10429 2
10429 1
706934 3
706934 1
151384 2
151384 3
7577 2
7577 1
514217 3
514217 1
802739 2
802739 1
464752 3
464752 1
956635 2
956635 1
641730 1
641730 2
317053 1
317053 0
399372 1
399372 2
4459 2
4459 3
673641 1
673641 2
208836 3
208836 0
184375 0
184375 2
586244 2
586244 3
8965 3
8965 0
450230 1
450230 0
45997 2
45997 0
422896 1
422896 3
201278 2
201278 3
263231 3
263231 0
771636 0
771636 3
820986 1
820986 0
823964 3
823964 1
278369 2
278369 3
173 1
173 3
60487 0
60487 3
292104 3
292104 2
270858 1
270858 0
799671 2
799671 0
530529 0
530529 1
686416 1
686416 3
872683 3
872683 1
113295 3
113295 2
868564 1
868564 2
557426 1
557426 2
332600 2
332600 0
776775 1
776775 0
659125 2
659125 0
860157 0
860157 1
