4000
137342 1
137342 3
371451 1
371451 3
37498 2
37498 3
524133 1
524133 2
94745 1
94745 0
749169 1
749169 3
143568 0
143568 3
752622 1
752622 3
762243 2
762243 1
682526 2
682526 3
983950 1
983950 3
576614 0
576614 2
127796 1
127796 3
974334 1
974334 0
235476 2
235476 3
388394 3
388394 0
411094 0
411094 2
226299 0
226299 2
931175 3
931175 1
480571 1
480571 0
456820 0
456820 2
163561 1
163561 3
983211 2
983211 3
122310 0
122310 1
266508 0
266508 3
757957 0
757957 3
50189 3
50189 1
635513 3
635513 2
623748 0
623748 1
30255 2
30255 3
491090 0
491090 1
924769 2
924769 0
93872 3
93872 0
131285 1
131285 3
866701 2
866701 3
599896 2
599896 3
236674 3
236674 0
260541 1
260541 0
297485 2
297485 1
691797 3
691797 0
977441 3
977441 1
856578 1
856578 3
966130 3
966130 2
572026 2
572026 3
456800 3
456800 0
853309 1
853309 3
275364 0
275364 3
952779 2
952779 3
4685 1
4685 2
894695 0
894695 2
773240 0
773240 3
957766 0
957766 1
402506 3
402506 2
814618 3
814618 1
49656 3
49656 1
505611 1
505611 0
630335 3
630335 1
85213 1
85213 2
223991 1
223991 0
218970 2
218970 3
505433 0
505433 1
309391 1
309391 0
223972 1
223972 0
735197 1
735197 2
943112 3
943112 1
937389 2
937389 3
293816 0
293816 3
246045 2
246045 3
304510 1
304510 3
326905 0
326905 3
764642 1
764642 3
818173 2
818173 0
521962 2
521962 3
449120 1
449120 0
85430 3
85430 0
503913 1
503913 3
303451 0
303451 2
28563 2
28563 1
176138 2
176138 1
563663 2
563663 3
528843 2
528843 1
710108 3
710108 2
84307 2
84307 0
449790 0
449790 1
517377 0
517377 3
906126 2
906126 0
69342 0
69342 1
476088 0
476088 3
628711 3
628711 1
260993 0
260993 1
937873 0
937873 1
267181 3
267181 0
795000 1
795000 3
612740 2
612740 3
767381 0
767381 3
555391 1
555391 3
26780 1
26780 2
906999 2
906999 0
642164 3
642164 1
373788 3
373788 1
11442 3
11442 1
814266 1
814266 3
885510 2
885510 0
816538 3
816538 1
258142 1
258142 2
561472 3
561472 1
723824 0
723824 1
262504 1
262504 0
898216 0
898216 2
657740 1
657740 2
649747 0
649747 1
58807 1
58807 3
356890 3
356890 2
139179 2
139179 1
369164 3
369164 1
923732 2
923732 1
671799 3
671799 1
501601 0
501601 2
210411 3
210411 0
593438 3
593438 1
531558 2
531558 3
305920 1
305920 0
620 3
620 2
130612 0
130612 3
860032 1
860032 0
717021 3
717021 0
892860 2
892860 1
124169 2
124169 1
519259 1
519259 3
76649 1
76649 2
675322 1
675322 0
974189 2
974189 1
861419 1
861419 2
299762 3
299762 1
957230 3
957230 1
180674 0
180674 1
472208 2
472208 0
385397 3
385397 2
763120 3
763120 2
486634 1
486634 2
763999 3
763999 0
663202 0
663202 3
920946 1
920946 3
438378 1
438378 2
849041 2
849041 3
771268 1
771268 0
549048 2
549048 3
968396 1
968396 0
704031 1
704031 0
979399 2
979399 0
639833 0
639833 1
654136 1
654136 0
124415 3
124415 1
196275 2
196275 0
886929 0
886929 1
98295 0
98295 2
826034 0
826034 2
734534 0
734534 2
741738 3
741738 1
187626 1
187626 2
584257 2
584257 1
293589 0
293589 3
113914 2
113914 0
128842 0
128842 1
725186 1
725186 0
483096 3
483096 0
112283 1
112283 3
28628 1
28628 0
717840 1
717840 3
31319 3
31319 1
40124 2
40124 3
458911 2
458911 0
245512 1
245512 3
224451 1
224451 2
641949 1
641949 0
21849 2
21849 3
453417 2
453417 1
53266 1
53266 2
595859 3
595859 0
501393 0
501393 3
315413 3
315413 0
714961 1
714961 2
544814 1
544814 0
409315 2
409315 0
369738 0
369738 3
999167 3
999167 0
535252 2
535252 1
402020 2
402020 1
356440 1
356440 0
587424 1
587424 3
119832 1
119832 0
538426 1
538426 0
227523 3
227523 2
383655 1
383655 2
51633 2
51633 0
354805 0
354805 2
719420 1
719420 2
642671 0
642671 3
320376 3
320376 0
862330 2
862330 1
834431 2
834431 3
821250 1
821250 3
234018 0
234018 3
606855 2
606855 1
389879 3
389879 2
885767 1
885767 2
311081 1
311081 2
86981 0
86981 1
608645 3
608645 1
55338 1
55338 0
717630 0
717630 1
400020 1
400020 3
666075 2
666075 3
672317 2
672317 1
164342 1
164342 3
373081 3
373081 1
882576 2
882576 1
413897 0
413897 3
505855 2
505855 1
536229 0
536229 1
402484 1
402484 2
502242 0
502242 3
534304 2
534304 0
189609 1
189609 2
637299 3
637299 0
883104 3
883104 1
274571 0
274571 1
314314 2
314314 3
830143 2
830143 0
544818 1
544818 0
292370 0
292370 2
426600 1
426600 3
649145 3
649145 2
788881 0
788881 3
764456 0
764456 3
294981 2
294981 3
140062 3
140062 1
541953 0
541953 2
872034 2
872034 0
963063 2
963063 0
762199 1
762199 3
465301 0
465301 3
411009 2
411009 0
856565 0
856565 1
83271 2
83271 0
203132 0
203132 1
582307 2
582307 0
922635 0
922635 3
727059 2
727059 0
529600 1
529600 0
818624 1
818624 3
849265 2
849265 3
208440 3
208440 1
819698 0
819698 1
460690 1
460690 2
799149 1
799149 3
735596 1
735596 2
360974 1
360974 2
476885 3
476885 1
185808 2
185808 3
204835 0
204835 1
445260 3
445260 0
213034 0
213034 1
686672 3
686672 2
833081 1
833081 2
11270 3
11270 0
194827 3
194827 2
116413 0
116413 1
983510 1
983510 3
376389 0
376389 3
346660 3
346660 1
99663 0
99663 3
825053 3
825053 2
636043 3
636043 2
274683 3
274683 0
22805 1
22805 0
852863 3
852863 1
456769 2
456769 1
728662 2
728662 1
189508 3
189508 0
595299 3
595299 0
556806 0
556806 2
81083 0
81083 2
598758 2
598758 3
753357 0
753357 3
307867 3
307867 2
640541 1
640541 2
270682 2
270682 3
864519 2
864519 1
341535 2
341535 3
87134 1
87134 3
795559 0
795559 1
581261 1
581261 3
225480 2
225480 0
693355 2
693355 0
746533 1
746533 3
786954 1
786954 3
186311 3
186311 0
672749 3
672749 0
148077 2
148077 3
399713 0
399713 3
523016 3
523016 1
977787 2
977787 0
280435 0
280435 3
878936 3
878936 2
496200 2
496200 1
990090 2
990090 3
838072 2
838072 1
757077 1
757077 0
20989 0
20989 2
41133 2
41133 1
212531 0
212531 3
663960 0
663960 2
122992 0
122992 2
38553 3
38553 2
939230 1
939230 2
128047 1
128047 0
846689 0
846689 1
504122 1
504122 0
109016 1
109016 3
28609 3
28609 0
693995 0
693995 3
48033 2
48033 3
117445 2
117445 1
271023 0
271023 2
111064 0
111064 3
157221 3
157221 2
476517 1
476517 2
83903 0
83903 3
713727 0
713727 1
406021 3
406021 1
426702 3
426702 1
913839 0
913839 1
298560 0
298560 3
325946 3
325946 2
151484 0
151484 2
548470 2
548470 3
33995 0
33995 2
167307 2
167307 0
799037 2
799037 3
153114 0
153114 2
905851 3
905851 0
395875 0
395875 1
547107 3
547107 0
474993 3
474993 1
781174 1
781174 3
776497 1
776497 0
536816 3
536816 1
371076 0
371076 3
746178 1
746178 3
4521 1
4521 0
654853 2
654853 3
483856 3
483856 0
503161 3
503161 0
325226 0
325226 3
144612 0
144612 3
247243 1
247243 3
38864 2
38864 3
405321 3
405321 1
880537 3
880537 1
435333 3
435333 0
268124 3
268124 2
987510 3
987510 0
246952 1
246952 2
453987 3
453987 0
838227 0
838227 1
613949 1
613949 0
902194 3
902194 0
145788 0
145788 2
166986 0
166986 1
669375 0
669375 2
282858 2
282858 1
249473 0
249473 2
218708 2
218708 3
124638 1
124638 2
958689 2
958689 1
853490 2
853490 0
902491 1
902491 3
278180 0
278180 2
440681 1
440681 2
533510 0
533510 2
480915 1
480915 2
41695 2
41695 3
565846 1
565846 2
826258 1
826258 0
886223 1
886223 2
950601 3
950601 0
948890 1
948890 3
869794 1
869794 3
300139 0
300139 3
676872 1
676872 0
89022 3
89022 1
754011 3
754011 2
674219 0
674219 2
562513 0
562513 1
614570 1
614570 0
815472 3
815472 1
390580 2
390580 3
260159 3
260159 0
133213 1
133213 3
360877 2
360877 1
18516 2
18516 0
310402 2
310402 3
377229 0
377229 3
837500 2
837500 0
122896 3
122896 1
813016 0
813016 3
484445 2
484445 0
229243 2
229243 0
679553 2
679553 0
894031 0
894031 1
671947 0
671947 2
200976 1
200976 2
335270 0
335270 1
571768 2
571768 3
638509 3
638509 1
888980 0
888980 2
996790 3
996790 1
454926 1
454926 2
509174 0
509174 2
154897 3
154897 1
498251 1
498251 0
510541 1
510541 2
766982 0
766982 3
161928 3
161928 2
594606 2
594606 1
993908 0
993908 3
577143 3
577143 0
397637 1
397637 3
156336 3
156336 0
583229 3
583229 1
250121 1
250121 3
358714 0
358714 2
235948 0
235948 3
723237 3
723237 2
713957 3
713957 1
833817 3
833817 2
514121 1
514121 2
603903 1
603903 3
913278 0
913278 3
731691 3
731691 2
343328 3
343328 0
553108 2
553108 1
923834 3
923834 2
147159 2
147159 3
248578 0
248578 1
822029 3
822029 2
548604 2
548604 1
823111 3
823111 1
843993 0
843993 2
442087 1
442087 3
417558 1
417558 2
105258 2
105258 3
756464 3
756464 0
796448 2
796448 0
793645 0
793645 1
583456 1
583456 3
539898 1
539898 3
214597 2
214597 1
230205 3
230205 0
660364 1
660364 3
452262 2
452262 1
396034 1
396034 3
495596 2
495596 3
538975 2
538975 3
309530 2
309530 1
792391 1
792391 2
447965 1
447965 3
855178 1
855178 3
566356 0
566356 1
649631 1
649631 0
287664 3
287664 2
853273 3
853273 1
219722 1
219722 3
807140 2
807140 0
380017 1
380017 3
548657 3
548657 0
27679 2
27679 0
859461 1
859461 2
343746 1
343746 2
973837 2
973837 3
58768 3
58768 2
793842 3
793842 1
482020 0
482020 1
618596 1
618596 2
364624 3
364624 1
883944 1
883944 3
291860 2
291860 0
722920 1
722920 3
472779 1
472779 2
673828 0
673828 3
736840 2
736840 0
230945 3
230945 1
805837 2
805837 0
56895 0
56895 2
190040 3
190040 0
391690 3
391690 0
29161 0
29161 3
340050 0
340050 1
797945 0
797945 2
525535 2
525535 0
405675 1
405675 2
280991 2
280991 3
101740 1
101740 0
963806 3
963806 1
884567 0
884567 2
967084 2
967084 0
551936 3
551936 0
908942 3
908942 1
158468 3
158468 1
616507 1
616507 2
675816 2
675816 3
283818 1
283818 2
407462 0
407462 2
686264 3
686264 2
244894 2
244894 1
654596 1
654596 2
739552 3
739552 1
391059 3
391059 1
778453 3
778453 2
448643 1
448643 0
490168 3
490168 0
144454 3
144454 0
361064 3
361064 1
107777 2
107777 0
731557 0
731557 1
806258 1
806258 2
780101 3
780101 2
534997 2
534997 1
834797 2
834797 3
952798 2
952798 0
150388 0
150388 1
851300 0
851300 3
809517 1
809517 0
701450 3
701450 0
842613 2
842613 1
140694 2
140694 1
857011 3
857011 0
447065 0
447065 2
912369 0
912369 3
859451 2
859451 3
256098 1
256098 0
332383 0
332383 3
947566 0
947566 3
951743 0
951743 1
538576 3
538576 1
468100 1
468100 0
747059 3
747059 2
165928 1
165928 0
934819 3
934819 2
135185 2
135185 0
237329 0
237329 3
988435 0
988435 2
864686 0
864686 1
657152 3
657152 0
894356 0
894356 1
811564 0
811564 1
87360 0
87360 2
572879 0
572879 3
867524 1
867524 0
851776 1
851776 2
955203 1
955203 2
133398 2
133398 1
435766 2
435766 0
721780 3
721780 0
647180 3
647180 2
32182 0
32182 3
145968 0
145968 2
480759 1
480759 3
743992 0
743992 3
632798 1
632798 2
287966 3
287966 2
910431 0
910431 2
143684 3
143684 2
847990 3
847990 1
770172 2
770172 3
861922 2
861922 0
964381 3
964381 2
525965 3
525965 0
21098 3
21098 0
622092 2
622092 1
395104 0
395104 3
822781 1
822781 2
646277 2
646277 1
65478 0
65478 1
284568 0
284568 1
592046 3
592046 0
163103 0
163103 1
850544 0
850544 2
709119 1
709119 0
520836 0
520836 1
778680 0
778680 1
711563 3
711563 0
43438 0
43438 1
205695 3
205695 2
764498 0
764498 2
745537 2
745537 1
618203 2
618203 3
482123 0
482123 2
979582 2
979582 3
491310 3
491310 0
24764 2
24764 0
760493 2
760493 1
473421 0
473421 2
834997 1
834997 3
493303 3
493303 2
973939 1
973939 3
718661 1
718661 2
964622 1
964622 3
861916 1
861916 0
429435 3
429435 1
22386 3
22386 0
606641 0
606641 2
889026 3
889026 1
194462 3
194462 1
730115 3
730115 1
133640 0
133640 3
171091 3
171091 2
361546 3
361546 1
856466 0
856466 3
859941 0
859941 2
855737 0
855737 3
344219 2
344219 1
452560 2
452560 3
806212 3
806212 2
934118 0
934118 1
94729 1
94729 0
668497 3
668497 0
904537 0
904537 3
389964 0
389964 1
492796 3
492796 2
67979 1
67979 0
767559 3
767559 2
995847 3
995847 0
984461 1
984461 3
519215 0
519215 3
519471 1
519471 2
49607 3
49607 1
470576 1
470576 0
654485 2
654485 1
914054 1
914054 3
938003 0
938003 3
758976 3
758976 1
276525 3
276525 0
537473 0
537473 3
775025 1
775025 2
587800 1
587800 2
964418 1
964418 2
658887 0
658887 1
222286 2
222286 3
302188 1
302188 2
897556 2
897556 3
414345 3
414345 2
431261 0
431261 2
94182 0
94182 2
823956 0
823956 1
392785 3
392785 2
234308 3
234308 2
890769 1
890769 3
225232 3
225232 0
794450 2
794450 0
617850 3
617850 2
150757 2
150757 3
34978 3
34978 1
116396 0
116396 2
281398 1
281398 2
981958 0
981958 1
93122 1
93122 3
199365 0
199365 2
286008 3
286008 2
951879 3
951879 1
253506 0
253506 1
699876 0
699876 2
648403 1
648403 3
764406 0
764406 2
661416 0
661416 2
835801 0
835801 2
746371 1
746371 3
179710 2
179710 1
732646 0
732646 1
764318 3
764318 0
666985 3
666985 0
722150 3
722150 0
18990 0
18990 2
998510 1
998510 0
797523 0
797523 3
993001 0
993001 3
797670 1
797670 0
18457 2
18457 1
149464 0
149464 1
413800 1
413800 2
102446 2
102446 3
930423 2
930423 3
68576 3
68576 2
299216 3
299216 2
361962 3
361962 1
930010 3
930010 1
34449 0
34449 2
886166 1
886166 3
860282 2
860282 1
976394 2
976394 1
952224 2
952224 1
901417 1
901417 3
789984 2
789984 1
354264 3
354264 0
944105 1
944105 2
840454 2
840454 0
159250 1
159250 2
391801 3
391801 1
421330 1
421330 0
981281 2
981281 3
998266 1
998266 0
984216 3
984216 1
73696 3
73696 2
764722 0
764722 1
262911 1
262911 3
567761 2
567761 1
927052 2
927052 3
958845 3
958845 0
412063 0
412063 2
121020 2
121020 1
828051 0
828051 3
191973 3
191973 1
492670 3
492670 2
370814 0
370814 1
676400 1
676400 0
324596 0
324596 2
423731 0
423731 1
289646 1
289646 2
535158 3
535158 2
98733 1
98733 2
798599 2
798599 0
739198 1
739198 0
293411 3
293411 0
86907 2
86907 3
166871 2
166871 3
987370 1
987370 3
130045 3
130045 2
497362 0
497362 1
768216 2
768216 3
223168 1
223168 3
768659 3
768659 1
166362 3
166362 0
489487 3
489487 2
719661 3
719661 1
145494 0
145494 2
928457 3
928457 1
992190 2
992190 1
717719 2
717719 3
915399 3
915399 0
925029 3
925029 1
426159 3
426159 0
527796 0
527796 2
280025 3
280025 1
782654 1
782654 2
721510 2
721510 0
244763 2
244763 1
196163 3
196163 0
99593 0
99593 3
616104 1
616104 3
394337 2
394337 0
103625 2
103625 3
91995 2
91995 3
522590 0
522590 3
120580 0
120580 3
664872 1
664872 3
520837 1
520837 0
685122 2
685122 1
209624 2
209624 1
484583 0
484583 2
952391 3
952391 2
9586 1
9586 0
72390 3
72390 2
317043 1
317043 2
41611 1
41611 2
603887 3
603887 2
490749 1
490749 2
193577 3
193577 2
396914 3
396914 0
309217 2
309217 3
585839 2
585839 3
571586 3
571586 2
936301 1
936301 2
494269 1
494269 3
330509 3
330509 1
13378 0
13378 3
87739 2
87739 0
210596 2
210596 3
343843 2
343843 3
602886 1
602886 0
898857 0
898857 1
664524 3
664524 1
703204 3
703204 1
148105 1
148105 3
333193 0
333193 2
605024 0
605024 2
386969 2
386969 1
773117 2
773117 1
281621 2
281621 1
742412 3
742412 0
46848 1
46848 3
208705 3
208705 1
202271 2
202271 0
782909 1
782909 3
418009 2
418009 1
19076 0
19076 1
284260 0
284260 1
156124 2
156124 3
749740 1
749740 3
725981 0
725981 3
111284 1
111284 2
946781 3
946781 0
44708 2
44708 0
474268 0
474268 1
758662 1
758662 0
569670 0
569670 1
199554 0
199554 2
688738 1
688738 0
56720 0
56720 2
23352 3
23352 0
47441 2
47441 1
342837 0
342837 1
558277 0
558277 1
998439 1
998439 3
764002 2
764002 3
605399 3
605399 2
468938 0
468938 2
696940 0
696940 3
344159 3
344159 2
235175 2
235175 0
991631 3
991631 0
696947 2
696947 0
942724 2
942724 1
669078 0
669078 3
857710 2
857710 3
172714 3
172714 2
618547 0
618547 2
352531 2
352531 1
869290 2
869290 1
755391 1
755391 0
300088 1
300088 3
712105 1
712105 0
115949 0
115949 2
600425 1
600425 3
353524 2
353524 0
29217 3
29217 2
810307 1
810307 0
83029 1
83029 3
806764 0
806764 1
331092 1
331092 2
860034 1
860034 2
726584 3
726584 0
333770 0
333770 3
641509 2
641509 1
210558 0
210558 3
542499 3
542499 1
855031 3
855031 0
431777 0
431777 3
767325 2
767325 1
695825 0
695825 3
196760 2
196760 1
44163 2
44163 0
241903 3
241903 2
525833 2
525833 3
303443 3
303443 2
546412 1
546412 2
112691 0
112691 1
76675 0
76675 2
49811 0
49811 1
774574 2
774574 0
413737 2
413737 0
28224 3
28224 1
198808 2
198808 3
733526 0
733526 1
613591 0
613591 3
378573 3
378573 0
309576 2
309576 0
343613 0
343613 2
567015 2
567015 1
112830 1
112830 0
118358 2
118358 3
437058 1
437058 0
261567 3
261567 0
16373 2
16373 3
180392 0
180392 3
451130 0
451130 1
250025 3
250025 2
578410 0
578410 3
130236 2
130236 1
568957 3
568957 1
304170 2
304170 0
661607 2
661607 1
463900 0
463900 1
226734 3
226734 0
629682 1
629682 0
19118 0
19118 2
592175 1
592175 3
434988 2
434988 0
409080 0
409080 2
47637 2
47637 3
514833 3
514833 0
654308 3
654308 0
981937 1
981937 3
24349 3
24349 0
673825 1
673825 0
142370 1
142370 0
160751 3
160751 2
881584 3
881584 0
298213 1
298213 2
714742 2
714742 3
275792 0
275792 3
424263 3
424263 0
433314 1
433314 3
719095 2
719095 3
783050 1
783050 2
314814 3
314814 0
4742 3
4742 0
624806 2
624806 1
135534 3
135534 1
777372 3
777372 1
779152 0
779152 1
506729 3
506729 2
779902 1
779902 0
356507 2
356507 3
749891 2
749891 0
115597 3
115597 2
1497 0
1497 3
76170 1
76170 2
895920 0
895920 3
970748 1
970748 0
998999 1
998999 3
54962 0
54962 2
712813 2
712813 1
895727 1
895727 0
795745 0
795745 3
748546 2
748546 1
739058 0
739058 2
490172 2
490172 1
163047 0
163047 2
868286 2
868286 3
750922 2
750922 3
445404 2
445404 0
185820 3
185820 2
598765 0
598765 2
874257 3
874257 2
708331 2
708331 0
283090 2
283090 0
881435 1
881435 3
266519 1
266519 3
80495 2
80495 0
531400 3
531400 2
8607 0
8607 3
971488 0
971488 3
685926 3
685926 0
575016 3
575016 0
14681 1
14681 0
582853 1
582853 2
247087 1
247087 2
251754 2
251754 1
376131 3
376131 0
242087 3
242087 0
941607 2
941607 1
353365 2
353365 0
716537 1
716537 0
36362 3
36362 2
93171 1
93171 2
378582 2
378582 0
830112 2
830112 1
556628 0
556628 3
445474 2
445474 0
274872 2
274872 1
397956 1
397956 2
87991 1
87991 2
821123 2
821123 0
702170 3
702170 2
731259 2
731259 3
120493 3
120493 2
45997 2
45997 1
295102 0
295102 2
660092 1
660092 0
654297 0
654297 3
50850 0
50850 1
481571 3
481571 2
575711 3
575711 1
840620 1
840620 2
924344 0
924344 3
332369 0
332369 3
180987 1
180987 0
74610 1
74610 3
406580 0
406580 1
142040 0
142040 3
334230 3
334230 2
695243 3
695243 0
612089 1
612089 3
540596 1
540596 3
93115 1
93115 0
863632 1
863632 0
380069 1
380069 2
86157 0
86157 1
362120 0
362120 1
445779 2
445779 0
724248 1
724248 2
663208 0
663208 1
993758 2
993758 3
512091 2
512091 0
284185 2
284185 0
194193 3
194193 0
232499 1
232499 0
650427 3
650427 0
697106 2
697106 0
563616 2
563616 1
502808 3
502808 1
961096 2
961096 0
892212 1
892212 3
461440 1
461440 3
283447 2
283447 3
678914 2
678914 1
162838 2
162838 3
894609 0
894609 3
801183 3
801183 2
381682 1
381682 2
702685 0
702685 1
244883 1
244883 2
405658 1
405658 0
60452 3
60452 2
570439 3
570439 1
963985 1
963985 2
949751 0
949751 2
831164 1
831164 0
250660 1
250660 0
475520 2
475520 0
202737 3
202737 0
577608 2
577608 1
828635 2
828635 3
817517 1
817517 2
588504 3
588504 1
998898 3
998898 0
601387 3
601387 0
74703 3
74703 0
668097 2
668097 0
975089 0
975089 3
507987 2
507987 3
88841 3
88841 1
838906 1
838906 3
484250 2
484250 1
901352 1
901352 2
286297 2
286297 1
228299 2
228299 3
471136 0
471136 2
311954 3
311954 0
351832 2
351832 3
21107 1
21107 0
239977 1
239977 0
879253 3
879253 1
476459 1
476459 2
658665 2
658665 3
342135 0
342135 2
650148 3
650148 1
179771 2
179771 3
36624 0
36624 2
436269 3
436269 2
213022 0
213022 2
148808 3
148808 2
783867 2
783867 0
22101 3
22101 2
681825 1
681825 2
851805 0
851805 2
153619 1
153619 3
399217 0
399217 1
694230 0
694230 1
360757 1
360757 3
257126 0
257126 2
451503 0
451503 3
368207 0
368207 2
452445 0
452445 3
492729 0
492729 1
708659 2
708659 0
768991 0
768991 2
233037 1
233037 0
868868 3
868868 1
642476 1
642476 3
57288 3
57288 2
786943 1
786943 2
468308 3
468308 1
77743 1
77743 3
117718 0
117718 2
116298 0
116298 1
999086 3
999086 2
168503 1
168503 2
831032 2
831032 3
310991 2
310991 1
613293 3
613293 1
944623 3
944623 2
490900 0
490900 2
363043 3
363043 2
37134 2
37134 0
28162 1
28162 2
74513 3
74513 0
413957 2
413957 0
373485 1
373485 3
866847 1
866847 0
862693 3
862693 2
519203 2
519203 0
41268 3
41268 0
916255 1
916255 3
47138 0
47138 1
980721 2
980721 0
998221 2
998221 3
421051 1
421051 0
694884 2
694884 1
746151 2
746151 0
581567 1
581567 3
134991 0
134991 3
226292 1
226292 0
798165 2
798165 3
842294 1
842294 3
854418 1
854418 3
536038 2
536038 1
775854 0
775854 3
361032 0
361032 1
868266 1
868266 0
31189 3
31189 2
672677 0
672677 2
331801 2
331801 0
940730 0
940730 1
114687 0
114687 2
281986 2
281986 1
235860 2
235860 0
211722 2
211722 1
645178 1
645178 0
603726 3
603726 0
155692 3
155692 0
2930 2
2930 0
952892 2
952892 1
691340 1
691340 2
105254 1
105254 3
690599 1
690599 3
92455 1
92455 3
750763 3
750763 1
418721 2
418721 3
758691 3
758691 0
529594 2
529594 1
601746 1
601746 3
895656 3
895656 2
368862 0
368862 2
713010 0
713010 2
511862 0
511862 1
92205 0
92205 3
804131 0
804131 2
219512 1
219512 3
24321 2
24321 1
516184 0
516184 3
547268 0
547268 1
488328 3
488328 1
977428 2
977428 0
162717 2
162717 3
352539 3
352539 2
328915 3
328915 2
927514 2
927514 3
803510 0
803510 1
325817 3
325817 1
499690 2
499690 1
79734 0
79734 2
120592 1
120592 0
166962 3
166962 1
390632 3
390632 1
602475 1
602475 2
286080 0
286080 3
774137 2
774137 0
541619 2
541619 0
343503 1
343503 0
285999 1
285999 0
284493 3
284493 2
66381 1
66381 2
794175 2
794175 0
384829 0
384829 1
959362 2
959362 1
888719 3
888719 0
883903 3
883903 0
100012 1
100012 0
480269 1
480269 2
679829 0
679829 1
195022 3
195022 2
110394 0
110394 1
588119 1
588119 0
298750 3
298750 0
40749 3
40749 1
237347 2
237347 3
613872 1
613872 3
159003 1
159003 3
378331 3
378331 0
446012 3
446012 2
893631 2
893631 0
531361 1
531361 0
323769 0
323769 3
326926 1
326926 3
929364 2
929364 0
593193 1
593193 2
6412 1
6412 3
75923 0
75923 3
484738 2
484738 1
937609 1
937609 3
530928 0
530928 1
153956 2
153956 1
930047 0
930047 2
365408 3
365408 1
220863 2
220863 3
636456 0
636456 2
290658 0
290658 3
56792 0
56792 3
684687 0
684687 3
320579 3
320579 2
165333 2
165333 0
998666 1
998666 0
224918 1
224918 3
814553 3
814553 0
660910 0
660910 2
955634 1
955634 3
352665 0
352665 1
168442 2
168442 3
420876 2
420876 3
658670 3
658670 2
529022 2
529022 0
574957 2
574957 1
938225 0
938225 3
939956 1
939956 3
628243 1
628243 2
955962 0
955962 3
417788 1
417788 3
35423 3
35423 2
246574 0
246574 1
983275 1
983275 0
960704 2
960704 3
208516 1
208516 3
909687 3
909687 1
342426 1
342426 3
330226 2
330226 0
769040 3
769040 0
179622 3
179622 1
899315 3
899315 2
90758 1
90758 0
407103 0
407103 3
712166 0
712166 1
859121 0
859121 1
918560 1
918560 2
557990 2
557990 1
50858 1
50858 2
172567 0
172567 3
406067 2
406067 3
665341 1
665341 2
604865 1
604865 2
285864 2
285864 0
823620 3
823620 0
188837 0
188837 3
938981 0
938981 3
568424 2
568424 3
40566 2
40566 3
361001 1
361001 3
677010 1
677010 2
476291 1
476291 2
307492 1
307492 0
608074 2
608074 3
143499 3
143499 0
783889 1
783889 0
290654 0
290654 2
154103 1
154103 0
899187 1
899187 2
460182 2
460182 3
471555 1
471555 3
540622 0
540622 3
995786 2
995786 0
685555 1
685555 0
645513 3
645513 2
361966 3
361966 0
561649 1
561649 0
66326 2
66326 3
130847 2
130847 3
433913 1
433913 2
242648 2
242648 1
239685 1
239685 0
807958 3
807958 2
180904 0
180904 1
164712 3
164712 2
212828 1
212828 3
866323 1
866323 3
233655 3
233655 2
283855 0
283855 3
433134 2
433134 3
760758 0
760758 1
655496 2
655496 0
814894 0
814894 2
530266 3
530266 2
953530 0
953530 2
771496 1
771496 0
579392 3
579392 1
405960 3
405960 1
416790 3
416790 1
291787 3
291787 2
689607 0
689607 3
100271 0
100271 1
937487 2
937487 1
118091 1
118091 2
221035 2
221035 0
579810 1
579810 3
950844 1
950844 3
89366 3
89366 1
993282 2
993282 3
21701 3
21701 0
385035 3
385035 2
816362 2
816362 3
76322 0
76322 2
614108 1
614108 0
61288 3
61288 1
34601 0
34601 2
238282 1
238282 0
668383 0
668383 3
555200 0
555200 3
712969 2
712969 1
589115 1
589115 3
423107 3
423107 0
180362 2
180362 3
136157 0
136157 3
875359 2
875359 3
95082 0
95082 3
160403 0
160403 2
696094 3
696094 2
329630 3
329630 0
545135 1
545135 3
768476 3
768476 0
74873 1
74873 0
76587 3
76587 2
862789 2
862789 1
950484 2
950484 1
3304 3
3304 1
471556 2
471556 1
186485 1
186485 2
420718 2
420718 1
301794 3
301794 2
81716 0
81716 2
798216 2
798216 3
168331 2
168331 0
35833 3
35833 0
860015 2
860015 3
202710 0
202710 2
145740 3
145740 0
1030 1
1030 3
521703 0
521703 3
738408 3
738408 0
796328 0
796328 2
717014 3
717014 2
746051 3
746051 0
777324 2
777324 1
653928 1
653928 2
121351 3
121351 2
610585 0
610585 3
243553 0
243553 1
220977 1
220977 2
529731 2
529731 0
297767 3
297767 2
366803 0
366803 2
151450 2
151450 1
143243 2
143243 1
181135 0
181135 1
816722 2
816722 0
975895 1
975895 0
679484 1
679484 0
247081 3
247081 2
143779 1
143779 0
772185 0
772185 1
836649 3
836649 0
625774 2
625774 1
700850 0
700850 2
627384 3
627384 0
12557 3
12557 2
482247 3
482247 1
22125 1
22125 2
213884 1
213884 2
969363 1
969363 2
124690 3
124690 0
301272 3
301272 0
285492 2
285492 1
155958 0
155958 3
737470 0
737470 2
660549 1
660549 2
639538 1
639538 0
748296 1
748296 0
937719 1
937719 2
960481 0
960481 2
382037 1
382037 3
673804 1
673804 0
127311 0
127311 3
817311 3
817311 1
117359 2
117359 1
275173 3
275173 2
286045 1
286045 3
432127 3
432127 1
803868 0
803868 1
497975 1
497975 0
590420 2
590420 3
84354 2
84354 1
75836 2
75836 0
275892 1
275892 2
330116 2
330116 1
574137 1
574137 2
765626 2
765626 3
839706 2
839706 0
871659 2
871659 3
858861 1
858861 3
321701 1
321701 2
823926 2
823926 1
674295 3
674295 0
479805 1
479805 3
274075 2
274075 3
126126 2
126126 3
923812 3
923812 0
221535 0
221535 1
656319 0
656319 1
77942 2
77942 0
822449 2
822449 1
283361 1
283361 0
638534 0
638534 2
274053 0
274053 3
228773 2
228773 0
619736 1
619736 0
492093 2
492093 0
581898 1
581898 3
789530 0
789530 1
595929 0
595929 1
413848 1
413848 0
864247 0
864247 3
69749 2
69749 1
64911 2
64911 3
56115 2
56115 3
656316 0
656316 1
206501 2
206501 3
93814 1
93814 2
823311 0
823311 2
775726 3
775726 2
590289 3
590289 1
631596 2
631596 1
120043 0
120043 3
705303 2
705303 0
967960 1
967960 0
572974 0
572974 3
844711 3
844711 1
292233 3
292233 2
691851 3
691851 0
863259 2
863259 0
46690 3
46690 1
727592 2
727592 1
647018 0
647018 1
720963 3
720963 2
472863 3
472863 0
177217 1
177217 2
952679 1
952679 0
511159 0
511159 2
501359 1
501359 0
336114 2
336114 3
795899 2
795899 0
894375 1
894375 3
579719 1
579719 2
838362 3
838362 2
76747 0
76747 1
431917 0
431917 1
630000 1
630000 2
364648 1
364648 3
434237 3
434237 2
461870 1
461870 0
446419 3
446419 2
662126 0
662126 3
827063 3
827063 1
778307 3
778307 2
813625 1
813625 2
755637 0
755637 3
52170 1
52170 2
904569 1
904569 0
816853 0
816853 2
657809 2
657809 1
903786 2
903786 3
477677 2
477677 1
721053 0
721053 3
421199 1
421199 2
853033 2
853033 3
992139 1
992139 3
233014 0
233014 3
281183 3
281183 0
43964 3
43964 1
399136 2
399136 1
832009 2
832009 3
548355 3
548355 0
958358 3
958358 2
926945 3
926945 1
967132 2
967132 0
74325 3
74325 0
592445 1
592445 2
743682 0
743682 3
330768 2
330768 0
486881 0
486881 1
794836 3
794836 2
831255 1
831255 2
729102 0
729102 2
70563 3
70563 2
209282 1
209282 0
495164 2
495164 3
947687 2
947687 3
717522 1
717522 3
664443 2
664443 3
589303 1
589303 2
622403 0
622403 3
73997 1
73997 3
821089 1
821089 2
224521 3
224521 1
476926 1
476926 2
152316 1
152316 0
931632 1
931632 0
679236 1
679236 2
48850 3
48850 0
407026 3
407026 2
166571 3
166571 0
783877 2
783877 1
999716 0
999716 1
658114 1
658114 3
845106 0
845106 2
501484 1
501484 3
821623 3
821623 0
749070 2
749070 0
572528 0
572528 3
856965 0
856965 3
302271 0
302271 2
154556 0
154556 3
471375 1
471375 0
707062 1
707062 0
712162 3
712162 1
366330 3
366330 1
510613 1
510613 3
385964 3
385964 2
880115 2
880115 1
651585 0
651585 3
627964 3
627964 1
697397 1
697397 3
107853 1
107853 2
633906 0
633906 2
290351 2
290351 3
61226 0
61226 2
75756 0
75756 3
669032 3
669032 2
822778 1
822778 2
799217 1
799217 0
464318 1
464318 2
618188 3
618188 1
666979 0
666979 1
861513 2
861513 0
942080 3
942080 2
864309 0
864309 2
713833 2
713833 1
165848 0
165848 3
14438 1
14438 3
244820 1
244820 3
893843 1
893843 0
719712 0
719712 1
693922 1
693922 3
993745 3
993745 2
976065 3
976065 0
387312 1
387312 0
136315 3
136315 0
581829 0
581829 2
512699 0
512699 1
219997 0
219997 1
404920 1
404920 3
889950 1
889950 3
496668 3
496668 1
394055 2
394055 3
502532 2
502532 3
277866 0
277866 2
827077 0
827077 1
843080 2
843080 3
287177 1
287177 0
764187 0
764187 2
848193 3
848193 1
416398 2
416398 0
188808 3
188808 0
956356 2
956356 3
101653 3
101653 0
28304 2
28304 0
950686 3
950686 1
516671 2
516671 1
802586 2
802586 3
264221 3
264221 0
56904 0
56904 2
408935 3
408935 0
204911 3
204911 1
562637 0
562637 2
578568 2
578568 3
301291 0
301291 2
137150 1
137150 3
344157 2
344157 0
957108 0
957108 2
773620 3
773620 2
510525 1
510525 0
268313 2
268313 0
781287 1
781287 3
734281 1
734281 0
72749 2
72749 1
510577 2
510577 0
142008 1
142008 2
196959 0
196959 2
547607 1
547607 3
373357 1
373357 2
920548 0
920548 2
666699 3
666699 1
619723 3
619723 0
772745 3
772745 2
239766 0
239766 3
485478 1
485478 0
824300 2
824300 3
12683 2
12683 3
475974 0
475974 1
137978 0
137978 2
650228 3
650228 1
381152 1
381152 0
812385 1
812385 2
843405 0
843405 1
556007 1
556007 3
701349 3
701349 0
47940 0
47940 1
297460 0
297460 1
99442 2
99442 1
788527 0
788527 1
323787 3
323787 1
779560 1
779560 2
121375 2
121375 1
270361 2
270361 0
516316 0
516316 2
867284 3
867284 2
823376 1
823376 0
754989 3
754989 1
830901 1
830901 0
831855 2
831855 3
207567 1
207567 3
191838 3
191838 2
689310 1
689310 0
121328 2
121328 0
106274 3
106274 0
164876 0
164876 1
767204 1
767204 0
895816 1
895816 2
638222 0
638222 1
131155 1
131155 2
164888 1
164888 2
540166 0
540166 2
794761 0
794761 3
916411 2
916411 3
552745 1
552745 2
311240 3
311240 2
52014 2
52014 1
148590 2
148590 0
150491 2
150491 1
714804 3
714804 1
38739 1
38739 2
826010 1
826010 3
64347 3
64347 2
531295 0
531295 1
80 2
80 3
535732 1
535732 3
622668 3
622668 2
683215 0
683215 3
693636 3
693636 2
167023 3
167023 0
841115 0
841115 2
448889 2
448889 1
268942 1
268942 3
802283 0
802283 3
54254 0
54254 2
73041 2
73041 0
58482 2
58482 3
884591 2
884591 1
565052 3
565052 1
22850 1
22850 2
167105 1
167105 0
278080 1
278080 3
719908 3
719908 1
755685 1
755685 0
46968 0
46968 1
926115 3
926115 2
280222 2
280222 3
105842 0
105842 2
531751 2
531751 0
751048 1
751048 0
569473 1
569473 0
693477 3
693477 1
608454 0
608454 1
818678 1
818678 0
477708 1
477708 3
740368 2
740368 1
462766 1
462766 2
982439 2
982439 3
320740 1
320740 2
823316 2
823316 0
387772 2
387772 0
973802 1
973802 0
634710 2
634710 0
679293 1
679293 0
316241 3
316241 1
113161 2
113161 1
680865 0
680865 1
525765 2
525765 3
550681 3
550681 0
304061 3
304061 0
377049 2
377049 3
88711 1
88711 2
401320 1
401320 3
222588 3
222588 1
520279 1
520279 3
961793 1
961793 0
4553 3
4553 2
131043 1
131043 2
809370 1
809370 0
398832 1
398832 0
887148 1
887148 0
135619 1
135619 2
110631 1
110631 2
893471 2
893471 3
194651 3
194651 2
415820 3
415820 0
835839 1
835839 0
757002 0
757002 1
722035 2
722035 3
505861 2
505861 1
23303 2
23303 3
603473 1
603473 2
498972 3
498972 2
829284 1
829284 2
115781 3
115781 1
235546 2
235546 1
282822 0
282822 2
53928 3
53928 2
198919 2
198919 0
834935 1
834935 0
259416 1
259416 2
127583 2
127583 0
415127 3
415127 1
571925 3
571925 2
88221 0
88221 1
259132 2
259132 3
262908 0
262908 2
826697 2
826697 3
602584 2
602584 0
539406 2
539406 1
909666 2
909666 3
944361 2
944361 1
674834 2
674834 1
188113 1
188113 0
185408 1
185408 3
346735 2
346735 3
562440 0
562440 2
812932 2
812932 1
906702 1
906702 3
948423 3
948423 2
167358 3
167358 0
116606 3
116606 0
674990 1
674990 0
617768 0
617768 3
964821 2
964821 3
872820 2
872820 0
746941 3
746941 2
769763 3
769763 0
161702 1
161702 2
725991 0
725991 1
756742 1
756742 0
746573 0
746573 3
340637 2
340637 3
617444 0
617444 2
515821 2
515821 3
308935 1
308935 3
311412 1
311412 2
866246 0
866246 3
494925 3
494925 2
845805 1
845805 2
804682 2
804682 0
903052 2
903052 0
79540 2
79540 3
295247 0
295247 1
473598 2
473598 3
713637 1
713637 2
670739 2
670739 3
501229 0
501229 2
836149 0
836149 3
836400 0
836400 1
600041 0
600041 3
107865 0
107865 1
690013 3
690013 1
939199 3
939199 2
944146 3
944146 0
839562 2
839562 1
182403 3
182403 1
164855 3
164855 1
81011 1
81011 2
706520 0
706520 1
397385 0
397385 2
616339 2
616339 0
328878 3
328878 2
758530 2
758530 1
193614 0
193614 2
88541 3
88541 1
884613 2
884613 0
173651 3
173651 0
97919 1
97919 3
486374 0
486374 1
638973 0
638973 2
455365 3
455365 2
393185 3
393185 0
773558 3
773558 2
470878 3
470878 2
544653 0
544653 2
480000 1
480000 3
843560 0
843560 1
348876 3
348876 0
256266 2
256266 0
900070 2
900070 0
817020 0
817020 2
505721 1
505721 3
174321 0
174321 3
622332 0
622332 2
248615 3
248615 1
975752 0
975752 1
21920 0
21920 3
125206 1
125206 2
214540 0
214540 2
459102 1
459102 3
873917 0
873917 2
981264 3
981264 2
718063 3
718063 1
559863 0
559863 1
465937 1
465937 3
261265 1
261265 3
688487 0
688487 3
626068 2
626068 3
573734 2
573734 3
317713 0
317713 1
804591 3
804591 2
52204 1
52204 2
338558 3
338558 0
992154 0
992154 3
67743 1
67743 2
235785 3
235785 2
139947 0
139947 2
488468 1
488468 3
603546 0
603546 1
903317 0
903317 3
452030 2
452030 3
985404 3
985404 0
848091 3
848091 1
787810 3
787810 0
266037 1
266037 3
723306 3
723306 2
633746 1
633746 0
501973 2
501973 0
607102 3
607102 1
368193 0
368193 1
870873 1
870873 2
652613 0
652613 2
543607 2
543607 0
515500 0
515500 3
811670 2
811670 3
729309 2
729309 1
813354 0
813354 1
174413 2
174413 0
48276 3
48276 2
260515 3
260515 0
563578 1
563578 2
607970 2
607970 0
963826 2
963826 0
658547 2
658547 0
638836 3
638836 1
558245 3
558245 2
866999 0
866999 1
302094 2
302094 1
712745 1
712745 3
902039 2
902039 0
804212 1
804212 0
246122 3
246122 2
985417 3
985417 2
790152 0
790152 3
729752 0
729752 1
902615 1
902615 2
367055 2
367055 1
924378 3
924378 0
505324 2
505324 0
736719 1
736719 2
285323 3
285323 1
857845 3
857845 1
53133 0
53133 1
996646 3
996646 0
471973 3
471973 2
263697 2
263697 0
49666 0
49666 2
898049 1
898049 3
770307 1
770307 3
807183 3
807183 0
330278 2
330278 1
583242 1
583242 3
886090 1
886090 0
957185 1
957185 3
909154 0
909154 2
300742 3
300742 1
671690 2
671690 0
232832 0
232832 1
476145 0
476145 1
129587 1
129587 3
31125 2
31125 3
813887 2
813887 1
638989 1
638989 3
139020 3
139020 1
746612 2
746612 0
563537 3
563537 2
642434 0
642434 2
74290 3
74290 2
339606 3
339606 1
941101 0
941101 1
550637 1
550637 3
526338 0
526338 2
264332 3
264332 1
666036 2
666036 3
871546 1
871546 2
484294 2
484294 3
460371 2
460371 0
370265 3
370265 1
833731 3
833731 2
986550 3
986550 2
399461 2
399461 3
715995 2
715995 3
111674 2
111674 1
762453 2
762453 0
108245 1
108245 2
609659 0
609659 2
876100 2
876100 1
19945 3
19945 1
512231 0
512231 3
112855 2
112855 3
753730 1
753730 3
420809 1
420809 0
303115 2
303115 0
735032 3
735032 2
649404 1
649404 3
285595 1
285595 0
869457 0
869457 1
339194 2
339194 0
166196 3
166196 2
449800 0
449800 1
90783 0
90783 3
77275 0
77275 2
790127 1
790127 0
703323 0
703323 3
693981 3
693981 2
370564 0
370564 3
657118 2
657118 1
190616 3
190616 0
824133 1
824133 3
531412 1
531412 2
661605 0
661605 2
83446 2
83446 3
808734 1
808734 0
731485 1
731485 3
502223 1
502223 3
209415 3
209415 1
77249 1
77249 0
332351 1
332351 0
827353 3
827353 0
304160 0
304160 1
466304 2
466304 3
880951 1
880951 3
629030 1
629030 3
800472 0
800472 3
694000 2
694000 3
807126 3
807126 0
506800 1
506800 3
725940 3
725940 1
890091 2
890091 0
651739 0
651739 2
815785 3
815785 2
937932 3
937932 0
674623 3
674623 2
831950 3
831950 1
12197 0
12197 3
50338 0
50338 3
619242 1
619242 3
500094 1
500094 0
557991 0
557991 2
868083 3
868083 1
438994 1
438994 0
731682 0
731682 3
11829 0
11829 1
368487 0
368487 2
780778 0
780778 3
746723 1
746723 2
956232 1
956232 2
901930 3
901930 0
970053 3
970053 2
523042 2
523042 0
905171 2
905171 1
