4000
226111 0
226111 1
229389 1
229389 3
777288 2
777288 3
433125 1
433125 0
797084 3
797084 2
566413 1
566413 2
81858 1
81858 0
580159 2
580159 0
798375 2
798375 0
532470 3
532470 2
43474 2
43474 0
644016 0
644016 2
389428 1
389428 3
929320 0
929320 1
119096 1
119096 0
418992 3
418992 2
389539 0
389539 1
890076 2
890076 1
425062 2
425062 0
317017 2
317017 3
879951 0
879951 1
766448 1
766448 2
982009 2
982009 3
897804 2
897804 0
978648 1
978648 3
881090 2
881090 0
488565 1
488565 0
181429 2
181429 0
626972 3
626972 1
585171 1
585171 3
836471 2
836471 3
639312 2
639312 1
200404 1
200404 2
155826 3
155826 2
332768 3
332768 2
98493 0
98493 2
173154 2
173154 1
335572 2
335572 1
386111 2
386111 1
57551 1
57551 2
705178 1
705178 2
406385 3
406385 1
681135 2
681135 3
517468 1
517468 0
140038 3
140038 0
974527 3
974527 1
618779 0
618779 1
781574 3
781574 0
96509 2
96509 3
795185 2
795185 1
28894 1
28894 3
105058 0
105058 2
878334 2
878334 3
814473 1
814473 3
113317 3
113317 2
206889 2
206889 0
138458 0
138458 2
898336 2
898336 3
692434 2
692434 0
868691 0
868691 3
890970 3
890970 1
508306 2
508306 3
983553 1
983553 3
266598 2
266598 3
471795 2
471795 3
669378 3
669378 1
437130 2
437130 0
419422 3
419422 0
277369 0
277369 3
580131 3
580131 0
66956 1
66956 3
246898 0
246898 3
449149 3
449149 2
420174 2
420174 0
559588 1
559588 2
476084 3
476084 2
136534 0
136534 1
531780 2
531780 3
655131 0
655131 3
668765 2
668765 0
869379 3
869379 2
556207 0
556207 2
103875 2
103875 3
561837 3
561837 1
182104 3
182104 2
620822 1
620822 3
903009 3
903009 2
22428 1
22428 0
483451 2
483451 0
628597 2
628597 3
651698 1
651698 3
84065 3
84065 1
281310 0
281310 1
997992 0
997992 1
676856 0
676856 2
560151 2
560151 0
604596 1
604596 2
928270 3
928270 1
4881 3
4881 0
324237 0
324237 3
795396 2
795396 3
835601 1
835601 3
499668 1
499668 2
620696 3
620696 2
708924 3
708924 1
116675 3
116675 0
721615 1
721615 0
215153 3
215153 1
365094 2
365094 0
915467 2
915467 3
728188 0
728188 1
876723 3
876723 2
357635 2
357635 0
759328 0
759328 2
158159 2
158159 1
802019 1
802019 0
632645 0
632645 1
348774 0
348774 3
52511 1
52511 2
627799 3
627799 0
875958 2
875958 0
300028 0
300028 2
771853 0
771853 3
92733 3
92733 0
777702 3
777702 2
28080 3
28080 1
341924 2
341924 1
776850 2
776850 0
347159 1
347159 2
563697 2
563697 0
819792 0
819792 3
458524 3
458524 2
950084 2
950084 0
929685 3
929685 2
565432 0
565432 3
495786 1
495786 0
85198 0
85198 3
533381 2
533381 1
57508 0
57508 1
463748 0
463748 1
846929 0
846929 2
189577 1
189577 3
560827 1
560827 0
502766 1
502766 2
760024 0
760024 2
967974 1
967974 0
864548 3
864548 0
512498 2
512498 1
833712 3
833712 0
231537 0
231537 1
954235 1
954235 3
187874 1
187874 3
797431 1
797431 3
401092 3
401092 0
65044 2
65044 3
577726 0
577726 3
280165 2
280165 3
969651 3
969651 2
216887 2
216887 3
267227 2
267227 3
456713 0
456713 3
224694 0
224694 3
277394 2
277394 1
570209 1
570209 2
835000 0
835000 3
274751 3
274751 2
637269 1
637269 0
446065 1
446065 3
676199 2
676199 1
949521 3
949521 0
839444 1
839444 0
260534 2
260534 1
32342 1
32342 0
197981 2
197981 3
954293 3
954293 0
604967 1
604967 2
125963 0
125963 1
115056 1
115056 2
893870 0
893870 2
388496 1
388496 2
23987 3
23987 1
913740 1
913740 0
661878 1
661878 0
609117 0
609117 2
4185 1
4185 2
554386 0
554386 1
692688 2
692688 3
752712 1
752712 0
568252 1
568252 2
688746 1
688746 3
668583 3
668583 2
665758 1
665758 0
615449 0
615449 2
721942 1
721942 3
582076 0
582076 3
686535 2
686535 0
467717 2
467717 3
677653 1
677653 0
736953 0
736953 1
643585 3
643585 2
583819 3
583819 0
237530 1
237530 2
829108 0
829108 2
868834 0
868834 3
491615 2
491615 3
208298 3
208298 0
825197 3
825197 2
186271 2
186271 0
66265 2
66265 3
477561 2
477561 3
862411 0
862411 3
928597 2
928597 1
798540 0
798540 3
436012 0
436012 1
479933 0
479933 3
19825 0
19825 3
265582 2
265582 3
575326 2
575326 3
36873 1
36873 0
648862 3
648862 1
304781 1
304781 3
675508 2
675508 3
632912 3
632912 1
302752 2
302752 1
939583 2
939583 3
78368 3
78368 2
315038 1
315038 0
788621 2
788621 1
673455 2
673455 3
621872 2
621872 3
939266 0
939266 2
461629 0
461629 2
852756 1
852756 3
378600 0
378600 3
943511 3
943511 0
795314 1
795314 0
519658 0
519658 2
215264 0
215264 2
471635 3
471635 2
973519 2
973519 0
755258 1
755258 2
959985 2
959985 1
809020 2
809020 3
749047 3
749047 1
234577 0
234577 1
124701 3
124701 2
577436 1
577436 3
567559 1
567559 0
383327 1
383327 2
646804 3
646804 1
70970 1
70970 3
80947 3
80947 2
427166 2
427166 1
283658 2
283658 1
135883 2
135883 1
874937 0
874937 3
239872 0
239872 2
733333 2
733333 1
13706 2
13706 3
412973 1
412973 3
780426 1
780426 0
274620 3
274620 1
193793 2
193793 3
527618 1
527618 0
998988 3
998988 0
894015 1
894015 3
278649 2
278649 1
410426 2
410426 3
246614 1
246614 0
790243 2
790243 3
25719 0
25719 2
937296 1
937296 3
168548 2
168548 0
848528 3
848528 0
927394 3
927394 2
655173 2
655173 0
477410 2
477410 1
467572 3
467572 0
124804 1
124804 2
913417 0
913417 2
577574 3
577574 2
430092 0
430092 1
444816 2
444816 3
979121 0
979121 1
797777 0
797777 2
190285 2
190285 1
323581 1
323581 0
231717 1
231717 3
891116 1
891116 0
314128 1
314128 0
117387 3
117387 0
695408 1
695408 2
312336 3
312336 1
340209 0
340209 2
552485 0
552485 2
591283 1
591283 2
990424 1
990424 0
375701 3
375701 1
108176 1
108176 2
604953 0
604953 3
451174 1
451174 3
822722 3
822722 2
424682 3
424682 2
706929 3
706929 0
873597 3
873597 1
497675 0
497675 2
611307 2
611307 0
834508 0
834508 1
19592 1
19592 0
554055 2
554055 0
538937 2
538937 1
959933 2
959933 0
394671 3
394671 2
780157 2
780157 3
97308 1
97308 2
588393 0
588393 2
182988 3
182988 2
760704 3
760704 1
947185 0
947185 1
522119 2
522119 3
103975 1
103975 2
584655 3
584655 0
747216 0
747216 1
390255 1
390255 0
309768 2
309768 3
830929 2
830929 3
255038 1
255038 0
501056 2
501056 1
562420 2
562420 0
819135 3
819135 2
273564 2
273564 0
309379 0
309379 2
966291 1
966291 3
539149 1
539149 3
300274 3
300274 1
542948 0
542948 2
888704 0
888704 3
290832 2
290832 3
18991 0
18991 2
644674 2
644674 0
282394 0
282394 2
877704 0
877704 1
914582 2
914582 3
324701 3
324701 0
962661 0
962661 2
722219 0
722219 1
694496 0
694496 3
42679 3
42679 2
719283 0
719283 1
59003 3
59003 2
914772 1
914772 3
627624 2
627624 1
240663 0
240663 1
277410 2
277410 0
547046 1
547046 2
57600 2
57600 0
70073 2
70073 1
601361 0
601361 1
990508 2
990508 0
544725 1
544725 3
11851 3
11851 2
420056 3
420056 1
713096 1
713096 2
520979 2
520979 1
756568 0
756568 2
929883 3
929883 1
586837 1
586837 2
929145 2
929145 0
134 1
134 2
425197 3
425197 0
745270 0
745270 1
379720 0
379720 2
408731 0
408731 3
777779 2
777779 0
38246 1
38246 2
819690 0
819690 1
68756 1
68756 3
552654 1
552654 0
658029 1
658029 0
603191 3
603191 1
282195 1
282195 2
883801 0
883801 3
254856 0
254856 1
245957 0
245957 3
379314 0
379314 3
623858 3
623858 1
701271 2
701271 0
685060 2
685060 1
867840 2
867840 0
337373 3
337373 0
773327 2
773327 0
197802 0
197802 3
927017 0
927017 3
293239 0
293239 2
422982 0
422982 1
194028 2
194028 0
777776 0
777776 2
758337 2
758337 0
111314 3
111314 2
564326 2
564326 1
347548 2
347548 1
419984 0
419984 2
408396 3
408396 2
201582 2
201582 0
477730 0
477730 2
112772 3
112772 0
406583 3
406583 1
258114 2
258114 3
631451 1
631451 0
795659 2
795659 3
939041 0
939041 1
219280 1
219280 0
806874 0
806874 1
194800 2
194800 1
406052 3
406052 2
479689 2
479689 0
666710 1
666710 3
691796 1
691796 3
419929 0
419929 2
710104 3
710104 1
17423 2
17423 3
582235 1
582235 2
259548 2
259548 1
1109 3
1109 2
113256 1
113256 0
20708 1
20708 2
591346 1
591346 3
115248 3
115248 0
265726 3
265726 0
996140 0
996140 3
905183 2
905183 0
35240 3
35240 2
64266 0
64266 1
678809 0
678809 3
588914 3
588914 2
79371 3
79371 2
463724 2
463724 3
250217 1
250217 2
870281 0
870281 1
162571 1
162571 3
106380 1
106380 0
491197 2
491197 1
651981 3
651981 1
380511 1
380511 2
477841 3
477841 2
314800 0
314800 3
659049 1
659049 2
543266 3
543266 0
365459 3
365459 0
660482 1
660482 3
829722 2
829722 3
15236 2
15236 0
988559 1
988559 3
333922 0
333922 3
438078 1
438078 0
917388 0
917388 3
599019 0
599019 3
426053 0
426053 2
253516 0
253516 2
113019 0
113019 2
132458 3
132458 1
584218 1
584218 3
942133 2
942133 1
761350 0
761350 3
350106 1
350106 3
583025 0
583025 2
9232 2
9232 0
685710 0
685710 1
127311 3
127311 0
2289 0
2289 1
650423 2
650423 0
371292 3
371292 2
915800 0
915800 3
186297 2
186297 0
72169 3
72169 0
444028 2
444028 3
780716 3
780716 1
130765 3
130765 2
311354 2
311354 3
250683 2
250683 1
584249 0
584249 2
363276 1
363276 2
738047 1
738047 3
250229 1
250229 2
225413 0
225413 1
117147 0
117147 1
587699 0
587699 1
283871 2
283871 0
991314 0
991314 3
307852 3
307852 1
673504 2
673504 3
236430 0
236430 1
360059 2
360059 3
391289 1
391289 2
958331 0
958331 2
338873 1
338873 2
824168 2
824168 0
582990 0
582990 2
938522 2
938522 1
717721 3
717721 0
167309 0
167309 3
944465 0
944465 1
296132 2
296132 3
905213 1
905213 0
476508 0
476508 2
838047 3
838047 1
519163 2
519163 0
38053 2
38053 1
290258 2
290258 1
394882 2
394882 1
937624 1
937624 0
272676 3
272676 2
541923 3
541923 0
238707 1
238707 0
29027 0
29027 2
946425 0
946425 2
569969 0
569969 2
902557 3
902557 2
512146 2
512146 3
242499 1
242499 0
682819 3
682819 2
57668 1
57668 3
250669 2
250669 0
176118 2
176118 0
814915 3
814915 1
74241 0
74241 1
964067 3
964067 0
524133 3
524133 1
674821 2
674821 0
357460 3
357460 2
276015 2
276015 3
917925 1
917925 2
151788 0
151788 3
800863 0
800863 2
909478 2
909478 3
635018 3
635018 1
460949 2
460949 3
354056 0
354056 2
992533 0
992533 3
206592 2
206592 1
332092 1
332092 3
662854 1
662854 0
40186 0
40186 2
190396 3
190396 0
385325 0
385325 2
94627 1
94627 0
397424 2
397424 1
954924 3
954924 0
668420 2
668420 1
973594 1
973594 3
894705 1
894705 2
331030 2
331030 3
407375 2
407375 0
984269 3
984269 2
933948 0
933948 3
415143 1
415143 0
48431 1
48431 2
779122 3
779122 0
238297 0
238297 1
966005 2
966005 0
886702 1
886702 2
946997 2
946997 1
898610 3
898610 0
598173 0
598173 2
589160 2
589160 1
217266 1
217266 0
288065 2
288065 0
446941 3
446941 2
791344 1
791344 0
728687 0
728687 1
591074 1
591074 3
87765 2
87765 0
961251 1
961251 3
424091 0
424091 3
129824 0
129824 1
995015 1
995015 3
87523 2
87523 0
250035 2
250035 1
717055 3
717055 2
418806 0
418806 1
995157 0
995157 2
396445 3
396445 0
388414 1
388414 3
477974 1
477974 0
784483 1
784483 0
606617 2
606617 1
814891 0
814891 2
198953 1
198953 0
159047 1
159047 0
197562 1
197562 0
512288 0
512288 2
876711 3
876711 2
281490 3
281490 0
569682 2
569682 3
416639 1
416639 3
362748 3
362748 1
660674 2
660674 1
527823 0
527823 2
935984 3
935984 2
641506 1
641506 3
162308 3
162308 2
566021 1
566021 3
380825 1
380825 0
509436 1
509436 2
146084 3
146084 0
622879 0
622879 3
305642 0
305642 1
157820 3
157820 1
878275 2
878275 3
992725 3
992725 2
516217 2
516217 3
364839 0
364839 2
183940 0
183940 2
659491 0
659491 3
140978 1
140978 0
681426 1
681426 0
427323 2
427323 0
406639 0
406639 3
256865 3
256865 1
925002 1
925002 2
150841 2
150841 0
325378 2
325378 0
918860 1
918860 2
927019 0
927019 2
551825 1
551825 3
780475 0
780475 1
145183 2
145183 0
43367 1
43367 0
408693 1
408693 0
88315 1
88315 3
194140 3
194140 1
754280 2
754280 0
660593 3
660593 2
287499 0
287499 2
23545 0
23545 1
680260 2
680260 0
9687 0
9687 1
672812 2
672812 1
740570 2
740570 0
385319 0
385319 3
876044 3
876044 1
178610 1
178610 0
55774 1
55774 0
200318 0
200318 3
192312 1
192312 0
631889 0
631889 1
487876 3
487876 1
722535 3
722535 2
947575 1
947575 2
946937 0
946937 2
296984 1
296984 3
498093 3
498093 0
14817 3
14817 2
285480 2
285480 1
321918 1
321918 2
106476 1
106476 0
973885 2
973885 1
861524 2
861524 1
201599 1
201599 3
456203 1
456203 2
369276 3
369276 2
232081 1
232081 3
159371 0
159371 2
62995 3
62995 1
781356 2
781356 0
775976 1
775976 2
554993 1
554993 0
146821 2
146821 0
3302 2
3302 3
214043 2
214043 1
189617 1
189617 0
897543 3
897543 1
206917 0
206917 2
102874 1
102874 2
844058 2
844058 1
34170 2
34170 3
305460 2
305460 0
893692 0
893692 3
717251 3
717251 1
808234 0
808234 2
746957 0
746957 1
122149 2
122149 0
430446 2
430446 3
48352 2
48352 1
486101 2
486101 3
709333 2
709333 3
363932 0
363932 3
817750 1
817750 2
663244 0
663244 1
612389 3
612389 0
98815 0
98815 2
388927 3
388927 0
608839 3
608839 2
198696 2
198696 1
199439 0
199439 3
279335 1
279335 2
589924 0
589924 2
26985 2
26985 1
525523 0
525523 1
976695 0
976695 2
991623 2
991623 3
72404 3
72404 2
310617 0
310617 1
554797 0
554797 2
63287 3
63287 1
565658 2
565658 0
626035 3
626035 2
395523 1
395523 3
522543 0
522543 3
537808 3
537808 1
969056 1
969056 2
727624 0
727624 2
85267 3
85267 1
655969 3
655969 2
648802 3
648802 2
166616 1
166616 3
273443 3
273443 1
298168 2
298168 0
203609 3
203609 1
365333 3
365333 1
808774 0
808774 3
822725 3
822725 0
175659 3
175659 2
476254 2
476254 3
145401 3
145401 1
637495 1
637495 2
378189 1
378189 2
438919 1
438919 2
432987 2
432987 1
455173 0
455173 2
28457 3
28457 0
562687 0
562687 1
220219 1
220219 3
460848 2
460848 1
489881 1
489881 2
937886 3
937886 1
485401 2
485401 3
877264 0
877264 2
360699 0
360699 3
760229 2
760229 0
981325 0
981325 2
894650 0
894650 2
191686 0
191686 3
729138 3
729138 1
165798 3
165798 1
536314 0
536314 3
469630 2
469630 0
281332 1
281332 2
963770 2
963770 3
985775 3
985775 1
350460 0
350460 1
299860 2
299860 1
176158 3
176158 2
541899 1
541899 2
242356 3
242356 2
545845 2
545845 3
478814 2
478814 0
685860 1
685860 3
707821 2
707821 0
714158 3
714158 0
391537 2
391537 1
294200 3
294200 0
656687 3
656687 2
273934 2
273934 0
344237 0
344237 1
927696 3
927696 2
764310 1
764310 0
617067 1
617067 0
795083 2
795083 1
986971 0
986971 3
771865 0
771865 3
806131 1
806131 0
85795 1
85795 3
713598 0
713598 3
37489 2
37489 0
496387 3
496387 2
743780 2
743780 1
180031 0
180031 1
999707 2
999707 0
512203 3
512203 2
692336 1
692336 0
246179 3
246179 1
318208 3
318208 1
92887 0
92887 2
152868 3
152868 1
104085 1
104085 3
525934 3
525934 0
924936 1
924936 0
410068 1
410068 0
701959 3
701959 0
142672 2
142672 1
28942 3
28942 0
462899 3
462899 0
885443 3
885443 0
730320 2
730320 1
220551 1
220551 3
236147 1
236147 0
230852 0
230852 3
802265 1
802265 3
416766 3
416766 1
477844 0
477844 3
429933 1
429933 2
738793 3
738793 0
758812 2
758812 0
700532 2
700532 3
221971 2
221971 3
45755 1
45755 0
190333 0
190333 2
301405 0
301405 3
38251 1
38251 2
568880 3
568880 2
162480 3
162480 0
911130 2
911130 3
50160 2
50160 0
432263 2
432263 3
248958 3
248958 1
295845 0
295845 2
681510 3
681510 1
333577 1
333577 2
492070 3
492070 1
552006 2
552006 0
230810 1
230810 2
183627 0
183627 2
751864 0
751864 3
223558 0
223558 2
540428 0
540428 2
158343 3
158343 1
427525 0
427525 1
671510 2
671510 1
626864 3
626864 0
647867 0
647867 2
918397 3
918397 1
531181 2
531181 1
515206 2
515206 3
14779 3
14779 1
377897 3
377897 1
200900 3
200900 2
683753 3
683753 0
846793 2
846793 0
431629 1
431629 0
404854 1
404854 3
45106 2
45106 0
914254 1
914254 3
267917 3
267917 0
328501 0
328501 1
177739 1
177739 0
844302 3
844302 2
151937 0
151937 2
301263 3
301263 0
533567 3
533567 0
29792 2
29792 3
329237 1
329237 3
97928 0
97928 2
547925 2
547925 3
768955 2
768955 3
819674 2
819674 1
419303 3
419303 1
412050 0
412050 3
576524 0
576524 2
970031 3
970031 2
185718 1
185718 0
508292 1
508292 2
120486 1
120486 2
74140 2
74140 3
210924 1
210924 2
537525 0
537525 1
826169 3
826169 2
722270 2
722270 1
462950 0
462950 2
469437 3
469437 1
361800 2
361800 3
259811 1
259811 2
266433 1
266433 0
364981 2
364981 1
929031 3
929031 2
565962 2
565962 0
849389 1
849389 3
96606 1
96606 0
472845 2
472845 3
709781 2
709781 3
297994 2
297994 1
643219 3
643219 1
973970 0
973970 2
801140 3
801140 1
977052 3
977052 2
425643 1
425643 2
749976 0
749976 2
703367 2
703367 3
467934 1
467934 0
688280 3
688280 0
909385 1
909385 0
780956 3
780956 2
134483 0
134483 1
633842 0
633842 3
822313 3
822313 1
969052 2
969052 3
451379 2
451379 1
640437 0
640437 3
10612 0
10612 1
820981 1
820981 3
233608 0
233608 2
141664 2
141664 0
949546 1
949546 2
791805 1
791805 0
70112 0
70112 3
710199 0
710199 1
930483 2
930483 1
244083 3
244083 2
382924 2
382924 0
909609 3
909609 2
377994 1
377994 0
26188 3
26188 2
958866 0
958866 3
524210 3
524210 0
610329 0
610329 1
392345 1
392345 3
11638 1
11638 0
48348 0
48348 1
506703 1
506703 0
764588 2
764588 1
803613 3
803613 1
379569 2
379569 0
250183 0
250183 1
813840 3
813840 1
502549 2
502549 0
114359 0
114359 2
988213 2
988213 3
979923 1
979923 0
784841 3
784841 2
461425 0
461425 3
133140 0
133140 1
787218 0
787218 1
698908 2
698908 3
548666 0
548666 1
889092 3
889092 2
660676 1
660676 2
406982 0
406982 3
826844 1
826844 2
473833 0
473833 3
156671 3
156671 2
543724 0
543724 1
161021 2
161021 0
549922 0
549922 1
776987 0
776987 1
306620 0
306620 1
865982 3
865982 1
879513 3
879513 0
101651 0
101651 1
280251 2
280251 1
149616 3
149616 2
921989 3
921989 0
175948 3
175948 0
565839 0
565839 1
608097 2
608097 0
933742 2
933742 0
427967 3
427967 0
204274 3
204274 2
519100 3
519100 0
759007 3
759007 0
956176 2
956176 1
509642 2
509642 3
781445 2
781445 3
945466 3
945466 0
551845 0
551845 3
236720 0
236720 1
928713 2
928713 1
578501 1
578501 0
581416 2
581416 1
566795 1
566795 2
290826 0
290826 2
580065 2
580065 0
759646 2
759646 1
336352 1
336352 3
606526 1
606526 0
464057 1
464057 3
160946 0
160946 2
395615 0
395615 3
515672 3
515672 2
618364 2
618364 1
229767 0
229767 2
73297 0
73297 3
410515 1
410515 0
722953 1
722953 0
403833 1
403833 0
498224 1
498224 3
701327 1
701327 0
164776 3
164776 2
769317 0
769317 1
711424 0
711424 1
414926 2
414926 1
642959 2
642959 3
361120 3
361120 0
838842 2
838842 0
513044 3
513044 2
950156 0
950156 2
178189 0
178189 1
373150 3
373150 1
545983 3
545983 2
929510 2
929510 3
443354 3
443354 0
535105 1
535105 3
123738 0
123738 1
533153 0
533153 2
962867 3
962867 2
497673 3
497673 1
473862 1
473862 2
104936 1
104936 3
607698 2
607698 0
175342 3
175342 0
99976 1
99976 3
196146 2
196146 3
620991 1
620991 2
326500 0
326500 3
896103 3
896103 0
80573 0
80573 2
299925 2
299925 0
602176 2
602176 0
192708 1
192708 0
790117 0
790117 2
162461 3
162461 1
443505 0
443505 1
442589 1
442589 2
445006 1
445006 2
891338 0
891338 3
383627 1
383627 3
419696 0
419696 3
62752 2
62752 1
268826 2
268826 3
980405 1
980405 0
920764 0
920764 1
775982 3
775982 2
686023 1
686023 0
374329 3
374329 0
557275 1
557275 0
582155 3
582155 0
337208 2
337208 3
880477 1
880477 0
728166 3
728166 2
528578 2
528578 0
726296 3
726296 2
667611 3
667611 0
818024 3
818024 1
757743 2
757743 0
848488 2
848488 3
711448 2
711448 1
439085 1
439085 2
89019 1
89019 2
304003 1
304003 3
421360 1
421360 0
908692 1
908692 0
134658 2
134658 0
471456 1
471456 3
646962 1
646962 2
371866 0
371866 1
632996 1
632996 3
788288 2
788288 0
347447 0
347447 3
407348 1
407348 0
906714 2
906714 0
56906 1
56906 2
564554 3
564554 2
675287 2
675287 1
16616 0
16616 3
247448 1
247448 2
231797 2
231797 3
545661 0
545661 3
366279 3
366279 1
136554 0
136554 1
509737 3
509737 0
479308 1
479308 3
68254 1
68254 3
527804 2
527804 0
650948 2
650948 3
346771 2
346771 0
951737 2
951737 1
306771 0
306771 2
224397 0
224397 3
542033 3
542033 1
145406 2
145406 1
126508 3
126508 2
872997 0
872997 3
596277 3
596277 0
685742 3
685742 1
117192 0
117192 2
590086 3
590086 2
25402 1
25402 0
488265 3
488265 2
983127 3
983127 1
130138 3
130138 2
567015 2
567015 1
301114 0
301114 1
410061 1
410061 2
695943 1
695943 0
255388 2
255388 3
666624 0
666624 2
602730 0
602730 3
188711 0
188711 2
286492 2
286492 0
75969 0
75969 1
981455 2
981455 3
598429 2
598429 3
269065 2
269065 1
289901 2
289901 1
176577 1
176577 3
35416 0
35416 1
123032 0
123032 3
960311 2
960311 3
731214 3
731214 2
434015 1
434015 3
312659 0
312659 1
498507 3
498507 2
889182 0
889182 3
261332 0
261332 2
342684 2
342684 3
793579 0
793579 3
470540 3
470540 0
5427 3
5427 2
753543 3
753543 1
319855 2
319855 1
23015 2
23015 1
450247 3
450247 1
514056 1
514056 2
265589 0
265589 1
857584 3
857584 1
629986 2
629986 0
72246 0
72246 3
257198 2
257198 0
137234 3
137234 0
697021 0
697021 1
870234 2
870234 1
787546 0
787546 1
402308 0
402308 3
527133 0
527133 3
706987 3
706987 0
47193 0
47193 2
897652 0
897652 1
696555 1
696555 0
734228 1
734228 2
815587 2
815587 1
223748 1
223748 0
201847 1
201847 0
265196 0
265196 1
570000 2
570000 1
605336 3
605336 2
336213 1
336213 3
269886 2
269886 3
686799 0
686799 2
95076 3
95076 2
668782 1
668782 0
927333 3
927333 1
601180 0
601180 1
641523 1
641523 3
991388 2
991388 3
592801 2
592801 1
126339 3
126339 2
431924 2
431924 1
535283 2
535283 1
904953 1
904953 3
262905 3
262905 1
433813 2
433813 0
685004 3
685004 0
572765 1
572765 0
625631 0
625631 2
654629 0
654629 1
440278 2
440278 0
927366 3
927366 2
102668 1
102668 3
440384 0
440384 3
641801 1
641801 3
447306 1
447306 3
294174 1
294174 0
348253 1
348253 2
29190 0
29190 1
949550 0
949550 2
249657 0
249657 1
737166 3
737166 0
496710 1
496710 3
381005 3
381005 1
682567 2
682567 1
122617 0
122617 1
214839 0
214839 3
359684 2
359684 3
406615 2
406615 0
216615 1
216615 0
739423 2
739423 3
21730 0
21730 1
847562 0
847562 3
639461 3
639461 0
775988 3
775988 1
870455 2
870455 3
866464 1
866464 3
746048 0
746048 1
492645 3
492645 1
308750 3
308750 0
1712 3
1712 0
2513 1
2513 3
144956 3
144956 1
241457 3
241457 2
598995 2
598995 0
726706 2
726706 1
67834 0
67834 2
484563 3
484563 2
993306 0
993306 1
663202 1
663202 2
11171 1
11171 0
789430 1
789430 0
365369 0
365369 2
457654 3
457654 2
983365 1
983365 0
209211 1
209211 0
263089 0
263089 2
704723 3
704723 2
6333 3
6333 2
91152 0
91152 1
766262 0
766262 2
734571 1
734571 0
414504 1
414504 2
923333 2
923333 3
218380 2
218380 1
725958 1
725958 2
2284 3
2284 0
794315 3
794315 2
273418 2
273418 0
654936 2
654936 0
730113 1
730113 2
152336 2
152336 1
249533 2
249533 0
747567 3
747567 1
375888 1
375888 0
557447 1
557447 3
884444 1
884444 0
166982 2
166982 0
805912 0
805912 3
893235 2
893235 1
827329 3
827329 1
219560 1
219560 3
843070 0
843070 2
49616 1
49616 2
922095 2
922095 1
62444 2
62444 0
541652 1
541652 0
886863 3
886863 2
774438 2
774438 0
307601 0
307601 3
642557 3
642557 0
251197 3
251197 2
483915 0
483915 3
253037 1
253037 3
147088 0
147088 2
368679 3
368679 0
970997 2
970997 1
916850 3
916850 1
508799 2
508799 3
736736 1
736736 0
114968 1
114968 2
565735 2
565735 1
142206 3
142206 0
848968 1
848968 0
626446 3
626446 2
812528 3
812528 2
222029 3
222029 2
383076 1
383076 0
399569 0
399569 3
796043 3
796043 0
678145 0
678145 1
416701 3
416701 2
250544 0
250544 1
230239 2
230239 0
17879 1
17879 0
706080 1
706080 3
189434 2
189434 3
65883 3
65883 0
264586 2
264586 3
73306 3
73306 2
855551 0
855551 2
408473 0
408473 1
823064 3
823064 1
253761 3
253761 1
903872 3
903872 1
364599 0
364599 1
981780 0
981780 1
329853 2
329853 1
714074 2
714074 0
385390 1
385390 2
362744 3
362744 1
361046 3
361046 0
730265 0
730265 1
834064 0
834064 3
231909 2
231909 1
20189 1
20189 2
472696 3
472696 2
13718 1
13718 2
521874 1
521874 3
178480 2
178480 1
370966 3
370966 1
545234 3
545234 0
355816 1
355816 3
790736 2
790736 1
358422 0
358422 3
466845 3
466845 1
606349 1
606349 3
804802 1
804802 2
120813 2
120813 0
806852 3
806852 0
310562 2
310562 0
851422 3
851422 0
584150 0
584150 2
334818 2
334818 0
220096 1
220096 0
813914 3
813914 0
647804 0
647804 2
43991 0
43991 1
124307 2
124307 3
45739 3
45739 1
898150 2
898150 1
449200 1
449200 3
674033 2
674033 1
246762 0
246762 2
871077 3
871077 1
23496 2
23496 0
212075 2
212075 0
593237 0
593237 3
771661 0
771661 2
804330 1
804330 2
281651 3
281651 2
230655 1
230655 3
591603 1
591603 3
60309 2
60309 3
933887 0
933887 2
941177 1
941177 3
460434 2
460434 3
681060 2
681060 1
285002 1
285002 2
420250 0
420250 3
275715 2
275715 0
807022 2
807022 0
932814 3
932814 1
300968 0
300968 2
967082 2
967082 0
800679 3
800679 2
541587 3
541587 1
447943 0
447943 3
303960 2
303960 1
304166 1
304166 0
261400 0
261400 2
307362 3
307362 2
116915 1
116915 0
159906 3
159906 0
205321 0
205321 1
819987 2
819987 1
562299 3
562299 2
40196 3
40196 1
154865 1
154865 2
978736 1
978736 0
441423 0
441423 2
291997 0
291997 1
999998 0
999998 1
174495 1
174495 3
363250 2
363250 1
612647 3
612647 2
529308 3
529308 2
885954 2
885954 1
605896 3
605896 0
102436 3
102436 0
861415 1
861415 3
753785 1
753785 2
366656 3
366656 1
754160 2
754160 0
793341 0
793341 2
951630 2
951630 0
310316 3
310316 1
114051 1
114051 0
600870 3
600870 0
672176 3
672176 1
302113 2
302113 1
687065 1
687065 3
324686 1
324686 2
996391 2
996391 3
494826 2
494826 0
448782 3
448782 0
12521 1
12521 2
485682 3
485682 1
557753 2
557753 3
100579 0
100579 3
379919 0
379919 3
246249 0
246249 3
449184 2
449184 0
904931 3
904931 0
327138 0
327138 3
519127 1
519127 0
118875 0
118875 1
577519 3
577519 2
252684 1
252684 3
625419 0
625419 1
828035 0
828035 1
431471 2
431471 0
203604 3
203604 0
603593 2
603593 3
151975 0
151975 1
434514 1
434514 0
660138 2
660138 0
116656 3
116656 1
926647 3
926647 2
404821 2
404821 0
268442 2
268442 0
925781 1
925781 2
495713 2
495713 0
82206 2
82206 3
569343 2
569343 3
758997 0
758997 1
398121 0
398121 2
329754 0
329754 3
477894 1
477894 2
889645 2
889645 3
254268 2
254268 1
671503 3
671503 2
904208 1
904208 3
210734 3
210734 0
391922 3
391922 0
726712 2
726712 1
749272 2
749272 0
606098 0
606098 1
754175 1
754175 3
300682 0
300682 3
8612 0
8612 3
649674 3
649674 2
893912 3
893912 1
219077 1
219077 0
15169 3
15169 0
50522 0
50522 2
44369 2
44369 3
847832 3
847832 0
419735 0
419735 1
444234 2
444234 0
604633 2
604633 3
111535 2
111535 0
639780 0
639780 2
602003 3
602003 2
393001 2
393001 0
832881 1
832881 0
912068 2
912068 0
740126 0
740126 3
401909 3
401909 1
67587 3
67587 2
602173 3
602173 1
953030 1
953030 0
234162 0
234162 3
660074 2
660074 3
177243 1
177243 0
896711 0
896711 3
415769 0
415769 1
503589 3
503589 0
633376 2
633376 1
690006 2
690006 0
782666 2
782666 0
89281 0
89281 3
322972 1
322972 3
189048 2
189048 3
402270 2
402270 0
858913 3
858913 2
910875 0
910875 1
95012 0
95012 1
420147 1
420147 3
747507 2
747507 3
249281 3
249281 0
649021 1
649021 0
284441 0
284441 1
296965 0
296965 3
697608 0
697608 3
834031 0
834031 1
330523 2
330523 0
584437 0
584437 1
838985 3
838985 0
690315 1
690315 2
352949 1
352949 3
713453 1
713453 3
422580 1
422580 2
101030 1
101030 3
622055 0
622055 2
121178 0
121178 1
261480 3
261480 0
789668 3
789668 2
996548 2
996548 3
950516 1
950516 0
370027 1
370027 0
546496 0
546496 1
623839 0
623839 2
332449 3
332449 2
773388 1
773388 3
998474 1
998474 0
505067 2
505067 1
240888 1
240888 3
188201 0
188201 3
883502 3
883502 1
477934 0
477934 3
104141 2
104141 1
529445 0
529445 2
765223 1
765223 0
500432 2
500432 1
873190 0
873190 1
949929 3
949929 1
311286 1
311286 3
526311 3
526311 2
999532 0
999532 2
538006 1
538006 2
10624 2
10624 1
777478 3
777478 1
627901 1
627901 0
278063 0
278063 1
557739 1
557739 2
271435 3
271435 2
135151 1
135151 3
640764 1
640764 3
960427 3
960427 1
117510 1
117510 0
682634 1
682634 0
980662 2
980662 1
73650 1
73650 3
516095 1
516095 3
250168 3
250168 0
230978 3
230978 0
386234 3
386234 1
765360 0
765360 3
926847 1
926847 3
879982 0
879982 3
396553 3
396553 1
223106 3
223106 0
430942 2
430942 1
126051 3
126051 2
3652 1
3652 2
88981 2
88981 0
799742 1
799742 0
527783 1
527783 0
409319 1
409319 0
455845 3
455845 0
590654 3
590654 1
238413 2
238413 1
954054 3
954054 0
753484 2
753484 1
462089 0
462089 1
59951 0
59951 1
978823 3
978823 1
431841 1
431841 3
675917 3
675917 1
982719 3
982719 0
475504 2
475504 3
954639 3
954639 0
464093 3
464093 0
999131 3
999131 1
74127 3
74127 1
945021 0
945021 1
664447 1
664447 0
520564 1
520564 0
924194 1
924194 0
376003 1
376003 2
219463 3
219463 2
500372 1
500372 0
910994 2
910994 0
996100 3
996100 2
968242 0
968242 2
921371 1
921371 2
889781 2
889781 0
245764 1
245764 2
115251 3
115251 2
902345 3
902345 1
355102 2
355102 0
411866 1
411866 2
558716 1
558716 0
44877 3
44877 0
761185 1
761185 0
834177 3
834177 1
77793 2
77793 3
581091 1
581091 3
738142 3
738142 1
729754 2
729754 1
481245 3
481245 1
910027 1
910027 0
250406 2
250406 0
352471 0
352471 1
959802 2
959802 3
94268 0
94268 3
208092 3
208092 2
995363 3
995363 1
322278 2
322278 0
597662 3
597662 2
981123 0
981123 1
870919 0
870919 1
433167 2
433167 0
181256 2
181256 0
441920 0
441920 3
738744 2
738744 3
420923 2
420923 3
557692 2
557692 3
891766 1
891766 3
474617 3
474617 0
350577 3
350577 0
585295 2
585295 0
343551 1
343551 0
388090 2
388090 3
926023 0
926023 2
738177 0
738177 2
524032 0
524032 2
233379 2
233379 3
104680 1
104680 0
107449 3
107449 1
413397 3
413397 2
102149 2
102149 3
395130 3
395130 0
200618 3
200618 0
807534 3
807534 1
689642 3
689642 2
341110 1
341110 0
15774 3
15774 1
340065 3
340065 0
184539 0
184539 3
138642 3
138642 1
701208 1
701208 2
69570 0
69570 1
5962 2
5962 1
559527 3
559527 2
174877 3
174877 0
758984 1
758984 2
22879 3
22879 1
731480 3
731480 0
459442 3
459442 2
422194 2
422194 3
619658 2
619658 3
861822 0
861822 2
953610 0
953610 3
916782 1
916782 2
429682 0
429682 3
962114 3
962114 2
259796 2
259796 3
94978 3
94978 2
818501 2
818501 1
420871 0
420871 2
78463 0
78463 2
731760 3
731760 0
12798 0
12798 2
278897 2
278897 1
872377 1
872377 2
391025 2
391025 1
685471 1
685471 0
947911 0
947911 2
328271 1
328271 0
60385 2
60385 0
118611 2
118611 0
249038 0
249038 1
127551 2
127551 1
743198 3
743198 1
394086 2
394086 3
928204 1
928204 0
771001 2
771001 3
841583 2
841583 1
659688 0
659688 3
742515 2
742515 1
947569 3
947569 1
341480 3
341480 1
892479 3
892479 0
577534 1
577534 3
621986 1
621986 2
619227 1
619227 0
292464 0
292464 2
926287 1
926287 3
255482 3
255482 2
140513 1
140513 0
52345 1
52345 0
906951 0
906951 2
551861 1
551861 3
399462 1
399462 3
308402 2
308402 3
370085 2
370085 0
768595 2
768595 0
790170 2
790170 1
506715 3
506715 0
808700 3
808700 1
561519 0
561519 1
82639 0
82639 3
900958 0
900958 1
571784 1
571784 0
491884 2
491884 1
867380 0
867380 1
804441 0
804441 2
954824 3
954824 2
389911 1
389911 2
618198 2
618198 3
19176 0
19176 1
850428 0
850428 3
338020 0
338020 3
898879 2
898879 3
165762 0
165762 1
949263 3
949263 2
75451 3
75451 2
751636 0
751636 2
671079 1
671079 2
637442 2
637442 3
953288 1
953288 0
738581 3
738581 2
730001 3
730001 2
642963 2
642963 3
779547 3
779547 2
991824 2
991824 1
178269 3
178269 2
222668 2
222668 3
624269 2
624269 0
215254 2
215254 0
745711 0
745711 3
635714 2
635714 3
835749 3
835749 0
622168 0
622168 1
148081 3
148081 0
213215 3
213215 0
980158 1
980158 3
179645 2
179645 3
769538 3
769538 2
97106 0
97106 2
797194 1
797194 2
376824 1
376824 2
45101 3
45101 0
748159 0
748159 2
299213 0
299213 2
706101 0
706101 3
42725 1
42725 2
846586 2
846586 1
396048 1
396048 0
821087 2
821087 1
466992 3
466992 2
847479 0
847479 3
131446 0
131446 2
789417 3
789417 0
596171 1
596171 0
580372 1
580372 3
359112 1
359112 0
841275 0
841275 2
75829 1
75829 0
565589 2
565589 1
817368 3
817368 2
187808 2
187808 3
534477 0
534477 2
403439 1
403439 0
143423 1
143423 3
785512 3
785512 1
137964 0
137964 2
136919 0
136919 1
153801 1
153801 0
748217 0
748217 2
256957 3
256957 2
314656 2
314656 1
719676 0
719676 1
191060 0
191060 2
41413 2
41413 1
92613 3
92613 0
3973 3
3973 2
682958 2
682958 3
484982 2
484982 1
483390 0
483390 1
602618 0
602618 3
222576 3
222576 1
509662 0
509662 2
611088 1
611088 0
171267 1
171267 3
230969 0
230969 1
98893 0
98893 1
399436 2
399436 0
875892 3
875892 0
854290 0
854290 3
358382 0
358382 2
140627 2
140627 3
459166 0
459166 3
8448 1
8448 3
689293 3
689293 0
224255 2
224255 1
759151 3
759151 1
607415 3
607415 2
939253 2
939253 3
699768 3
699768 0
421037 3
421037 2
886612 3
886612 1
895002 0
895002 1
37979 3
37979 2
88209 3
88209 1
273136 3
273136 1
269275 3
269275 0
991535 0
991535 1
390313 2
390313 1
205700 0
205700 3
780969 1
780969 3
554916 3
554916 1
727114 3
727114 1
459392 2
459392 1
773442 2
773442 1
542108 0
542108 1
787070 2
787070 1
18121 1
18121 2
895911 1
895911 0
585632 1
585632 0
579265 1
579265 0
848808 1
848808 0
90741 3
90741 1
874191 2
874191 0
460740 0
460740 2
432655 2
432655 1
597456 0
597456 1
946685 3
946685 1
803390 0
803390 1
961896 3
961896 1
705149 3
705149 0
158188 3
158188 0
365544 2
365544 3
82107 1
82107 0
351206 1
351206 3
721333 1
721333 0
415562 2
415562 0
327337 2
327337 3
432386 0
432386 2
701859 2
701859 1
75923 1
75923 2
236166 3
236166 2
772798 2
772798 1
846144 0
846144 2
413107 3
413107 1
9060 0
9060 2
122801 1
122801 2
392084 2
392084 0
868006 1
868006 0
12280 1
12280 3
353479 0
353479 1
368897 2
368897 3
30431 3
30431 0
197504 2
197504 1
954758 1
954758 3
260412 2
260412 3
781757 2
781757 1
529560 2
529560 3
139942 1
139942 0
825940 3
825940 2
883903 2
883903 0
315956 2
315956 3
268574 0
268574 3
182830 3
182830 2
180219 3
180219 0
375394 3
375394 2
99018 1
99018 2
381577 0
381577 2
372040 0
372040 3
541810 3
541810 2
924444 3
924444 1
608825 0
608825 2
73220 2
73220 1
75926 2
75926 0
695890 1
695890 2
688684 0
688684 3
119522 0
119522 3
346965 1
346965 2
353431 0
353431 1
842139 2
842139 1
996325 2
996325 0
612736 3
612736 1
465330 3
465330 1
771110 2
771110 3
727439 2
727439 3
84955 1
84955 3
238096 3
238096 2
744267 2
744267 3
755809 2
755809 1
105837 1
105837 3
415449 0
415449 3
201921 3
201921 2
515447 2
515447 3
739391 1
739391 0
84697 0
84697 2
805834 1
805834 3
99030 2
99030 1
855667 1
855667 2
54046 0
54046 3
895256 3
895256 0
544255 2
544255 1
810414 0
810414 2
260498 2
260498 1
559706 1
559706 2
80904 2
80904 1
991988 3
991988 0
302160 3
302160 2
789841 3
789841 1
350755 1
350755 2
900612 2
900612 0
71085 2
71085 1
523691 1
523691 0
579700 2
579700 1
605434 0
605434 3
972468 2
972468 0
790884 2
790884 3
652068 3
652068 2
789429 1
789429 3
716680 0
716680 1
156357 0
156357 3
538925 2
538925 0
634884 0
634884 3
396401 1
396401 3
203637 0
203637 1
13492 2
13492 0
502976 2
502976 0
119172 1
119172 2
275237 0
275237 1
853493 2
853493 3
494173 3
494173 1
854508 3
854508 1
735846 2
735846 1
142402 1
142402 2
196793 1
196793 0
300078 3
300078 1
711152 1
711152 3
129711 3
129711 1
819685 1
819685 3
136866 0
136866 2
311407 3
311407 0
523926 2
523926 0
126843 1
126843 3
550554 2
550554 3
758264 1
758264 0
749483 3
749483 0
177899 1
177899 2
322671 1
322671 3
155356 1
155356 2
632378 0
632378 3
802901 2
802901 1
453548 3
453548 2
862814 2
862814 1
340706 2
340706 1
137499 2
137499 0
994344 3
994344 1
563343 3
563343 0
459272 1
459272 2
812469 3
812469 1
879850 3
879850 0
302370 0
302370 3
577481 3
577481 0
639634 0
639634 2
465855 1
465855 2
84975 2
84975 1
340211 2
340211 0
807478 3
807478 1
847518 3
847518 2
617752 3
617752 2
326065 3
326065 2
259628 3
259628 1
219854 2
219854 3
450859 1
450859 2
993726 2
993726 3
723514 2
723514 1
229770 2
229770 3
965219 1
965219 0
96480 0
96480 1
64882 3
64882 2
710895 2
710895 3
324903 3
324903 2
492812 0
492812 2
182866 0
182866 2
901787 1
901787 3
556126 1
556126 3
543585 1
543585 2
238449 3
238449 2
195378 0
195378 1
387535 1
387535 3
88996 3
88996 0
924732 0
924732 1
117091 2
117091 1
429378 1
429378 2
77315 1
77315 3
307257 1
307257 0
870762 3
870762 2
290342 2
290342 3
102203 2
102203 1
142212 3
142212 1
707698 3
707698 1
442758 2
442758 0
72583 1
72583 2
531940 3
531940 1
969365 0
969365 1
61234 3
61234 1
561641 2
561641 3
500848 2
500848 3
183516 3
183516 2
736508 3
736508 0
833261 1
833261 0
573498 1
573498 2
21555 0
21555 1
727455 1
727455 0
850185 0
850185 3
64499 3
64499 1
63550 1
63550 2
495174 2
495174 3
234485 3
234485 0
202298 1
202298 2
720956 2
720956 1
416436 2
416436 0
522918 2
522918 3
101800 0
101800 2
834049 0
834049 3
954519 3
954519 0
